# 48698 WSSS Singapore Observations at 12Z 25 Jun 2019
p [hPa],z [m],T [C],T_dew [C],RH [%],r [g/kg],wdir [deg],SKNT [knot],THTA [K],THTE [K],THTV [K]
1007.0,16,30.6,25.6,75,21.05,210.0,6.0,303.1,366.1,306.9
1006.0,26,29.4,20.4,58,15.24,199.0,6.0,302.0,347.3,304.8
1002.0,67,29.6,24.6,75,19.9,156.0,7.0,302.6,361.8,306.2
1000.0,88,29.4,24.4,75,19.69,135.0,8.0,302.6,361.2,306.1
996.0,123,29.1,24.3,76,19.68,135.0,10.0,302.6,361.1,306.1
928.0,749,23.0,23.0,100,19.49,164.0,14.0,302.5,360.5,306.1
925.0,777,22.6,22.5,99,18.96,165.0,14.0,302.4,358.7,305.8
896.0,1055,21.6,16.8,74,13.62,180.0,15.0,304.2,345.0,306.7
895.0,1065,21.6,16.6,73,13.46,182.0,15.0,304.2,344.6,306.7
881.0,1202,20.6,16.8,78,13.81,205.0,17.0,304.6,346.0,307.1
864.0,1370,19.4,16.9,86,14.26,190.0,11.0,305.0,347.9,307.6
850.0,1512,18.4,17.1,92,14.65,210.0,11.0,305.4,349.5,308.1
846.0,1552,18.1,17.0,93,14.62,210.0,10.0,305.5,349.5,308.2
825.0,1768,16.4,16.4,100,14.43,212.0,12.0,305.9,349.4,308.6
803.0,1998,15.1,15.1,100,13.66,215.0,14.0,306.9,348.3,309.4
782.0,2223,13.9,13.9,100,12.93,235.0,12.0,307.9,347.3,310.3
767.0,2388,13.0,13.0,100,12.42,231.0,11.0,308.7,346.6,311.0
747.0,2610,11.6,11.6,100,11.62,225.0,10.0,309.5,345.1,311.7
741.0,2678,11.0,8.8,86,9.68,216.0,10.0,309.6,339.4,311.4
735.0,2746,13.8,6.8,63,8.5,207.0,11.0,313.3,340.1,314.9
727.0,2839,13.3,6.3,63,8.3,195.0,11.0,313.8,339.9,315.3
719.0,2932,12.8,5.8,62,8.11,195.0,12.0,314.2,339.8,315.8
704.0,3109,13.0,-8.0,22,2.99,195.0,15.0,316.3,326.3,316.9
700.0,3157,12.6,-8.4,22,2.91,195.0,16.0,316.4,326.1,317.0
678.0,3423,10.2,-3.5,38,4.37,210.0,13.0,316.6,330.9,317.4
673.0,3485,9.6,-2.4,43,4.79,207.0,12.0,316.6,332.2,317.5
661.0,3634,9.0,-17.0,14,1.54,201.0,10.0,317.6,322.9,317.9
659.0,3659,8.9,-17.0,14,1.54,200.0,10.0,317.7,323.1,318.0
638.0,3926,7.4,-16.6,16,1.64,255.0,7.0,319.0,324.7,319.3
624.0,4108,6.0,-1.0,61,5.73,292.0,4.0,319.4,338.1,320.5
604.0,4374,4.2,-0.8,70,6.01,347.0,1.0,320.3,340.0,321.5
603.0,4387,4.1,-0.9,70,5.99,350.0,1.0,320.4,340.0,321.6
601.0,4415,4.0,-1.0,70,5.95,353.0,1.0,320.6,340.1,321.7
559.0,4995,1.0,-4.8,65,4.81,50.0,10.0,323.7,339.8,324.6
548.0,5155,0.1,-5.9,64,4.53,85.0,10.0,324.5,339.8,325.4
535.0,5347,-0.9,-7.1,63,4.21,55.0,10.0,325.6,339.8,326.4
518.0,5606,-2.2,-8.8,60,3.81,65.0,14.0,326.9,340.0,327.7
509.0,5747,-3.0,-9.8,59,3.6,45.0,16.0,327.7,340.1,328.4
500.0,5890,-3.7,-10.7,58,3.4,50.0,15.0,328.5,340.2,329.1
494.0,5985,-4.5,-11.5,58,3.23,50.0,16.0,328.6,339.9,329.3
490.0,6049,-4.9,-13.3,52,2.82,50.0,16.0,328.9,338.8,329.5
483.0,6162,-5.5,-16.4,42,2.2,70.0,17.0,329.5,337.3,329.9
469.0,6393,-6.9,-22.9,27,1.3,64.0,16.0,330.6,335.3,330.8
460.0,6544,-8.0,-17.7,46,2.08,60.0,15.0,331.0,338.5,331.5
459.0,6561,-8.1,-17.1,48,2.19,61.0,15.0,331.1,338.9,331.5
450.0,6715,-8.5,-32.5,12,0.56,68.0,17.0,332.5,334.6,332.6
428.0,7101,-11.3,-25.3,30,1.15,87.0,20.0,333.7,338.0,333.9
424.0,7174,-11.1,-34.1,13,0.51,90.0,21.0,334.9,336.9,334.9
420.0,7246,-10.7,-31.7,16,0.64,91.0,21.0,336.3,338.8,336.4
400.0,7620,-13.1,-41.1,8,0.26,95.0,21.0,337.9,339.0,337.9
372.0,8168,-17.1,-46.1,6,0.17,91.0,33.0,339.6,340.4,339.7
369.0,8228,-17.5,-45.4,7,0.18,90.0,34.0,339.9,340.7,339.9
349.0,8642,-20.3,-40.5,15,0.32,100.0,28.0,341.6,342.9,341.7
346.0,8707,-20.7,-39.7,17,0.35,99.0,28.0,341.9,343.3,341.9
311.0,9483,-27.9,-35.9,46,0.58,85.0,34.0,342.4,344.7,342.5
303.0,9669,-29.5,-43.5,24,0.27,81.0,35.0,342.7,343.8,342.8
300.0,9740,-29.9,-38.9,41,0.44,80.0,36.0,343.1,344.9,343.2
295.0,9859,-30.9,-37.9,50,0.5,79.0,34.0,343.4,345.4,343.5
279.0,10248,-34.2,-39.4,59,0.45,75.0,26.0,344.1,345.9,344.2
256.0,10848,-39.3,-41.8,77,0.38,71.0,33.0,345.1,346.7,345.2
251.0,10983,-40.3,-46.5,51,0.23,70.0,35.0,345.6,346.6,345.7
250.0,11010,-40.5,-47.5,47,0.21,70.0,35.0,345.7,346.6,345.8
248.0,11065,-40.9,-49.9,37,0.16,70.0,36.0,345.9,346.6,345.9
234.0,11460,-44.1,-51.1,46,0.15,73.0,41.0,346.9,347.5,346.9
200.0,12500,-52.5,-66.5,17,0.02,80.0,55.0,349.5,349.6,349.5
180.0,13170,-57.7,-73.7,11,0.01,82.0,63.0,351.7,351.7,351.7
156.0,14053,-64.9,-77.9,15,0.01,84.0,73.0,354.1,354.1,354.1
150.0,14290,-66.7,-73.7,37,0.01,85.0,76.0,355.0,355.1,355.0
148.0,14371,-67.3,-73.9,39,0.01,85.0,77.0,355.3,355.3,355.3
145.0,14495,-68.3,-74.3,42,0.01,85.0,74.0,355.7,355.7,355.7
129.0,15189,-72.2,-81.9,22,0.0,85.0,57.0,360.8,360.8,360.8
124.0,15424,-73.5,-84.5,17,0.0,78.0,53.0,362.5,362.5,362.5
121.0,15568,-73.1,-87.1,10,0.0,73.0,51.0,365.8,365.8,365.8
116.0,15813,-75.1,-86.5,16,0.0,65.0,47.0,366.4,366.4,366.4
110.0,16121,-77.7,-85.7,27,0.0,70.0,48.0,367.2,367.2,367.2
105.0,16389,-77.2,-86.2,23,0.0,80.0,34.0,373.1,373.1,373.1
100.0,16670,-76.7,-86.7,19,0.0,110.0,25.0,379.3,379.3,379.3
95.0,16963,-77.2,-87.2,19,0.0,130.0,10.0,383.9,383.9,383.9
94.0,17024,-77.3,-87.3,19,0.0,150.0,7.0,384.9,384.9,384.9
86.0,17532,-78.1,-88.1,19,0.0,25.0,10.0,393.1,393.1,393.1
79.3,17995,-78.9,-88.9,18,0.0,1.0,0.0,400.7,400.7,400.7
79.0,18017,-78.8,-89.0,18,0.0,0.0,0.0,401.4,401.4,401.4
75.0,18315,-77.5,-90.2,12,0.0,90.0,10.0,410.2,410.2,410.2
73.0,18470,-76.8,-90.8,9,0.0,75.0,21.0,414.8,414.8,414.8
70.0,18710,-75.7,-91.7,7,0.0,115.0,14.0,422.1,422.1,422.1
67.4,18930,-74.1,-92.1,5,0.0,62.0,9.0,430.2,430.2,430.2
64.0,19231,-74.4,-92.4,5,0.0,350.0,3.0,435.9,435.9,435.9
62.9,19332,-74.5,-92.5,5,0.0,325.0,4.0,437.9,437.9,437.9
58.6,19750,-67.7,-93.7,1,0.0,225.0,9.0,462.1,462.1,462.1
58.0,19813,-67.3,-93.6,1,0.0,210.0,10.0,464.4,464.5,464.5
57.0,19919,-66.5,-93.4,1,0.0,235.0,16.0,468.5,468.5,468.5
54.0,20250,-64.2,-92.8,1,0.0,235.0,10.0,481.1,481.1,481.1
52.0,20480,-62.6,-92.3,1,0.0,265.0,14.0,490.1,490.1,490.1
51.0,20599,-61.8,-92.1,1,0.0,280.0,20.0,494.7,494.8,494.7
50.0,20720,-60.9,-91.9,1,0.0,275.0,15.0,499.5,499.6,499.5
48.4,20922,-60.9,-91.9,1,0.0,275.0,12.0,504.2,504.2,504.2
48.0,20974,-61.1,-91.8,1,0.0,275.0,11.0,504.9,504.9,504.9
47.0,21104,-61.7,-91.4,1,0.0,270.0,15.0,506.6,506.6,506.6
46.2,21211,-62.1,-91.1,1,0.0,276.0,19.0,508.1,508.1,508.1
45.0,21374,-61.8,-91.2,1,0.0,285.0,25.0,512.6,512.7,512.6
43.0,21657,-61.3,-91.3,1,0.0,270.0,20.0,520.6,520.7,520.6
42.0,21803,-61.0,-91.4,1,0.0,305.0,15.0,524.8,524.9,524.8
41.0,21953,-60.7,-91.5,1,0.0,310.0,10.0,529.2,529.2,529.2
40.0,22107,-60.4,-91.5,1,0.0,275.0,4.0,533.6,533.6,533.6
39.0,22264,-60.1,-91.6,1,0.0,245.0,10.0,538.2,538.3,538.2
38.0,22426,-59.8,-91.7,1,0.0,265.0,25.0,543.0,543.0,543.0
37.6,22491,-59.7,-91.7,1,0.0,261.0,24.0,545.0,545.0,545.0
36.0,22766,-55.5,-89.5,1,0.0,245.0,21.0,562.7,562.7,562.7
35.0,22944,-56.0,-89.7,1,0.0,250.0,32.0,565.9,565.9,565.9
32.0,23512,-57.6,-90.2,1,0.0,255.0,18.0,576.3,576.4,576.3
30.4,23837,-58.5,-90.5,1,0.0,263.0,27.0,582.4,582.4,582.4
30.0,23920,-57.9,-90.9,1,0.0,265.0,29.0,586.2,586.2,586.2
28.0,24357,-56.1,-90.5,1,0.0,290.0,19.0,603.0,603.0,603.0
27.2,24540,-55.3,-90.3,1,0.0,280.0,24.0,610.1,610.2,610.1
26.0,24827,-55.5,-90.2,1,0.0,265.0,31.0,617.6,617.6,617.6
23.1,25579,-55.9,-89.9,1,0.01,284.0,24.0,637.5,637.6,637.5
21.0,26188,-53.8,-89.8,0,0.01,300.0,18.0,661.5,661.6,661.5
20.0,26500,-52.7,-89.7,0,0.01,255.0,4.0,674.1,674.2,674.1
19.0,26832,-51.5,-88.5,0,0.01,195.0,17.0,687.9,687.9,687.9
18.7,26935,-51.1,-88.1,0,0.01,,,692.2,692.3,692.2
