# 10410 EDZE Essen Observations at 12Z 14 Dec 2019
p [hPa],z [m],T [C],T_dew [C],RH [%],r [g/kg],wdir [deg],SKNT [knot],THTA [K],THTE [K],THTV [K]
1000.0,-71,,,,,,,,,
974.0,147,3.8,3.4,97.0,5.04,235.0,10.0,279.0,293.0,279.9
971.0,172,3.6,3.2,97.0,4.99,255.0,14.0,279.1,293.0,279.9
925.0,562,0.8,0.2,96.0,4.22,260.0,39.0,280.1,292.0,280.8
918.0,623,0.2,0.1,99.0,4.22,264.0,41.0,280.1,292.0,280.8
899.0,790,-0.6,-1.1,97.0,3.94,275.0,49.0,281.0,292.1,281.6
865.0,1097,-2.1,-3.3,91.0,3.48,275.0,43.0,282.5,292.5,283.1
850.0,1236,-2.7,-7.7,68.0,2.53,275.0,41.0,283.3,290.7,283.7
816.0,1558,-4.5,-8.2,75.0,2.54,273.0,45.0,284.7,292.2,285.2
766.0,2049,-7.9,-10.3,82.0,2.28,270.0,52.0,286.3,293.1,286.7
704.0,2703,-12.4,-13.2,94.0,1.97,265.0,37.0,288.3,294.3,288.6
700.0,2747,-12.7,-13.4,94.0,1.95,265.0,37.0,288.4,294.3,288.7
661.0,3182,-16.1,-16.5,97.0,1.6,271.0,49.0,289.3,294.3,289.6
641.0,3414,-17.7,-18.4,94.0,1.41,274.0,56.0,290.1,294.5,290.3
635.0,3484,-18.7,-26.7,49.0,0.68,275.0,58.0,289.7,291.9,289.8
629.0,3555,-19.1,-22.7,73.0,0.99,276.0,60.0,290.0,293.2,290.2
628.0,3567,-19.1,-26.1,54.0,0.73,276.0,60.0,290.2,292.5,290.3
614.0,3734,-19.9,-32.9,30.0,0.39,278.0,65.0,291.1,292.4,291.2
575.0,4218,-23.5,-36.5,29.0,0.29,285.0,79.0,292.4,293.4,292.5
574.0,4231,-23.4,-37.9,25.0,0.26,285.0,80.0,292.7,293.6,292.7
569.0,4295,-22.9,-44.9,12.0,0.12,285.0,78.0,294.0,294.4,294.0
556.0,4464,-23.6,-49.6,7.0,0.07,285.0,72.0,295.1,295.4,295.1
537.0,4718,-24.7,-56.7,3.0,0.03,283.0,77.0,296.8,296.9,296.8
521.0,4940,-23.1,-55.1,4.0,0.04,282.0,81.0,301.2,301.4,301.3
500.0,5240,-25.1,-48.1,10.0,0.1,280.0,87.0,302.4,302.8,302.4
491.0,5372,-25.9,-48.9,10.0,0.09,281.0,90.0,303.0,303.3,303.0
455.0,5922,-27.1,-64.1,2.0,0.02,284.0,102.0,308.1,308.2,308.1
448.0,6034,-27.5,-63.5,2.0,0.02,284.0,104.0,309.0,309.1,309.0
440.0,6162,-28.4,-62.8,2.0,0.02,285.0,107.0,309.5,309.5,309.5
400.0,6840,-33.1,-59.1,6.0,0.03,285.0,111.0,311.9,312.0,311.9
330.0,8157,-41.5,-62.8,8.0,0.02,285.0,122.0,317.9,318.1,317.9
300.0,8810,-45.7,-64.7,10.0,0.02,285.0,115.0,320.8,320.9,320.8
293.0,8967,-46.7,-66.7,8.0,0.02,285.0,111.0,321.6,321.7,321.6
263.0,9677,-50.0,-73.4,5.0,0.01,285.0,93.0,326.9,326.9,326.9
250.0,10010,-51.5,-76.5,3.0,0.0,280.0,103.0,329.4,329.4,329.4
240.0,10273,-52.7,-77.1,4.0,0.0,280.0,109.0,331.4,331.4,331.4
234.0,10436,-53.5,-77.5,4.0,0.0,280.0,105.0,332.6,332.6,332.6
220.0,10834,-51.1,-79.1,2.0,0.0,280.0,87.0,342.2,342.3,342.2
210.0,11135,-51.9,-79.4,2.0,0.0,280.0,74.0,345.6,345.6,345.6
200.0,11450,-52.7,-79.7,2.0,0.0,275.0,74.0,349.1,349.2,349.1
183.0,12023,-54.1,-81.1,2.0,0.0,271.0,69.0,355.9,355.9,355.9
181.0,12094,-53.8,-81.2,2.0,0.0,270.0,68.0,357.5,357.5,357.5
173.0,12386,-52.5,-81.8,2.0,0.0,280.0,80.0,364.3,364.3,364.3
166.0,12654,-51.3,-82.3,1.0,0.0,280.0,65.0,370.6,370.6,370.6
159.0,12933,-52.3,-82.9,1.0,0.0,280.0,51.0,373.4,373.5,373.4
150.0,13310,-53.7,-83.7,1.0,0.0,270.0,56.0,377.3,377.4,377.4
148.0,13396,-53.3,-83.6,1.0,0.0,270.0,58.0,379.5,379.5,379.5
143.0,13618,-52.3,-83.3,1.0,0.0,275.0,53.0,385.0,385.0,385.0
129.0,14273,-56.8,-85.1,2.0,0.0,290.0,39.0,388.4,388.4,388.4
123.0,14576,-58.9,-85.9,2.0,0.0,275.0,41.0,389.9,389.9,389.9
109.0,15343,-55.5,-85.4,1.0,0.0,265.0,47.0,410.0,410.0,410.0
106.0,15520,-54.7,-85.3,1.0,0.0,275.0,51.0,414.7,414.8,414.7
100.0,15890,-53.1,-85.1,1.0,0.0,270.0,35.0,424.9,424.9,424.9
91.0,16492,-54.8,-85.8,1.0,0.0,275.0,41.0,433.1,433.1,433.1
87.0,16779,-55.6,-86.1,1.0,0.0,255.0,43.0,437.1,437.1,437.1
82.8,17095,-56.5,-86.5,1.0,0.0,268.0,52.0,441.5,441.5,441.5
82.0,17157,-56.0,-86.5,1.0,0.0,270.0,54.0,443.8,443.8,443.8
79.9,17322,-54.5,-86.5,1.0,0.0,280.0,48.0,450.1,450.1,450.1
78.0,17474,-55.2,-86.7,1.0,0.0,290.0,43.0,451.8,451.8,451.8
70.0,18160,-58.3,-87.3,1.0,0.0,270.0,17.0,459.3,459.3,459.3
69.0,18250,-58.6,-87.4,1.0,0.0,260.0,17.0,460.5,460.5,460.5
65.5,18575,-59.9,-87.9,1.0,0.0,274.0,35.0,464.6,464.6,464.6
64.0,18720,-59.8,-88.0,1.0,0.0,280.0,43.0,468.0,468.1,468.0
62.0,18918,-59.6,-88.1,1.0,0.0,290.0,29.0,472.7,472.7,472.7
61.0,19019,-59.5,-88.2,1.0,0.0,275.0,27.0,475.1,475.2,475.1
58.0,19334,-59.1,-88.4,1.0,0.0,285.0,37.0,482.7,482.8,482.8
54.0,19780,-58.7,-88.7,1.0,0.0,270.0,27.0,493.7,493.7,493.7
53.9,19791,-58.7,-88.7,1.0,0.0,271.0,27.0,494.0,494.0,494.0
52.0,20015,-59.3,-88.3,1.0,0.0,290.0,29.0,497.8,497.8,497.8
50.0,20260,-59.9,-87.9,1.0,0.0,285.0,25.0,501.9,501.9,501.9
49.0,20385,-60.5,-88.5,1.0,0.0,275.0,25.0,503.4,503.5,503.5
46.9,20657,-61.7,-89.7,1.0,0.0,268.0,33.0,506.8,506.9,506.8
46.0,20778,-60.6,-89.4,1.0,0.0,265.0,37.0,512.2,512.2,512.2
45.0,20916,-59.4,-89.0,1.0,0.0,280.0,33.0,518.4,518.4,518.4
43.3,21156,-57.3,-88.3,1.0,0.0,277.0,41.0,529.3,529.4,529.3
42.0,21345,-58.0,-88.5,1.0,0.0,275.0,47.0,532.4,532.4,532.4
35.0,22475,-61.8,-89.9,1.0,0.0,295.0,31.0,550.7,550.8,550.7
32.0,23030,-63.7,-90.6,1.0,0.0,305.0,37.0,559.9,560.0,559.9
30.0,23430,-65.1,-91.1,2.0,0.0,300.0,35.0,566.6,566.6,566.6
28.2,23806,-67.5,-91.5,2.0,0.0,298.0,37.0,570.0,570.1,570.0
20.0,25870,-69.9,-92.9,2.0,0.0,290.0,49.0,621.5,621.5,621.5
19.0,26172,-70.6,-93.2,2.0,0.0,285.0,49.0,628.6,628.7,628.7
16.0,27183,-72.8,-94.4,3.0,0.0,295.0,64.0,653.1,653.2,653.1
14.4,27802,-74.1,-95.1,3.0,0.0,303.0,58.0,668.6,668.6,668.6
14.0,27968,-73.1,-94.9,2.0,0.0,305.0,56.0,677.3,677.4,677.3
13.0,28405,-70.5,-94.4,2.0,0.0,280.0,74.0,700.9,700.9,700.9
12.5,28636,-69.1,-94.1,2.0,0.0,281.0,77.0,713.6,713.7,713.6
11.0,29395,-70.6,-94.2,2.0,0.0,285.0,87.0,734.6,734.7,734.6
10.4,29728,-71.3,-94.3,2.0,0.01,288.0,82.0,744.0,744.1,744.0
10.0,29960,-70.1,-94.1,2.0,0.01,290.0,78.0,756.9,757.0,756.9
9.0,30587,-70.0,-94.6,2.0,0.01,295.0,74.0,780.5,780.6,780.5
8.5,30926,-69.9,-94.9,2.0,0.01,293.0,73.0,793.6,793.7,793.6
8.0,31294,-67.3,-93.6,1.0,0.01,290.0,72.0,817.7,817.8,817.7
7.0,32105,-61.7,-90.7,1.0,0.02,265.0,101.0,872.8,873.0,872.8
6.5,32562,-63.1,-90.1,2.0,0.02,272.0,106.0,885.5,885.8,885.5
6.0,33058,-60.1,-88.8,1.0,0.03,280.0,111.0,918.9,919.2,918.9
5.9,33163,-59.5,-88.5,1.0,0.03,,,926.0,926.4,926.0
