# 48698 WSSS Singapore Observations at 12Z 09 Nov 2019
p [hPa],z [m],T [C],T_dew [C],RH [%],r [g/kg],wdir [deg],SKNT [knot],THTA [K],THTE [K],THTV [K]
1008.0,16,27.8,23.2,76,18.13,5.0,5.0,300.3,353.7,303.5
1000.0,91,26.6,21.9,75,16.85,30.0,5.0,299.8,349.2,302.8
997.0,118,26.4,21.9,76,16.91,26.0,4.0,299.8,349.5,302.8
980.0,270,27.6,21.6,70,16.88,5.0,1.0,302.5,352.7,305.5
976.0,307,27.4,21.1,68,16.39,0.0,0.0,302.7,351.4,305.6
958.0,472,26.6,18.6,61,14.28,61.0,1.0,303.4,346.1,306.0
925.0,781,23.8,18.8,74,15.0,175.0,3.0,303.6,348.4,306.4
874.0,1275,20.0,16.4,80,13.61,158.0,5.0,304.6,345.5,307.1
865.0,1364,20.2,11.2,56,9.75,155.0,5.0,305.8,335.4,307.6
859.0,1424,19.4,14.4,73,12.15,153.0,6.0,305.5,342.2,307.8
850.0,1515,19.2,12.2,64,10.61,150.0,6.0,306.2,338.4,308.2
815.0,1876,17.4,6.4,48,7.45,189.0,7.0,308.0,331.1,309.4
752.0,2555,12.0,7.9,76,8.96,265.0,10.0,309.4,337.0,311.0
732.0,2783,10.2,8.4,89,9.54,286.0,10.0,309.8,339.2,311.6
728.0,2829,10.1,7.6,84,9.06,290.0,10.0,310.1,338.2,311.8
709.0,3049,9.6,3.6,66,7.04,287.0,12.0,311.9,334.1,313.3
700.0,3155,8.8,3.8,71,7.23,285.0,13.0,312.2,334.9,313.6
697.0,3190,8.6,3.7,71,7.2,280.0,16.0,312.4,335.1,313.7
640.0,3890,4.8,1.4,79,6.67,290.0,23.0,315.8,337.1,317.0
631.0,4006,4.2,1.0,80,6.58,300.0,24.0,316.3,337.4,317.6
623.0,4111,3.6,0.7,81,6.51,309.0,20.0,316.8,337.7,318.1
622.0,4124,3.5,0.7,81,6.49,310.0,19.0,316.9,337.8,318.1
611.0,4267,2.9,0.1,82,6.35,300.0,17.0,317.7,338.2,318.9
569.0,4840,0.1,-2.1,85,5.81,320.0,18.0,321.1,340.1,322.2
552.0,5084,-1.0,-3.0,86,5.59,315.0,10.0,322.5,341.0,323.6
549.0,5128,-1.2,-3.2,87,5.55,300.0,9.0,322.8,341.1,323.8
545.0,5187,-1.5,-3.4,87,5.49,291.0,9.0,323.1,341.3,324.2
543.0,5216,-1.1,-6.1,69,4.49,287.0,10.0,323.9,339.0,324.8
522.0,5529,-2.6,-8.3,65,3.93,240.0,12.0,325.8,339.2,326.6
515.0,5637,-3.1,-9.1,63,3.75,245.0,12.0,326.4,339.3,327.2
513.0,5668,-3.1,-9.1,63,3.76,247.0,12.0,326.8,339.7,327.5
502.0,5839,-4.5,-9.5,68,3.72,255.0,12.0,327.2,339.9,327.9
500.0,5870,-4.7,-9.6,69,3.71,250.0,11.0,327.2,340.0,328.0
475.0,6274,-7.7,-10.7,79,3.58,217.0,12.0,328.4,340.7,329.1
470.0,6356,-7.9,-12.9,67,3.03,210.0,12.0,329.1,339.7,329.7
465.0,6440,-8.1,-15.1,57,2.56,209.0,12.0,329.9,338.9,330.4
445.0,6780,-10.3,-16.0,63,2.47,205.0,13.0,331.2,340.0,331.7
428.0,7082,-12.3,-16.9,69,2.4,230.0,11.0,332.4,341.0,332.9
423.0,7173,-12.9,-17.1,71,2.38,221.0,11.0,332.8,341.3,333.3
414.0,7337,-13.5,-20.4,56,1.84,205.0,11.0,334.1,340.8,334.5
406.0,7486,-14.0,-23.4,45,1.44,220.0,10.0,335.3,340.7,335.6
404.0,7524,-14.1,-24.1,43,1.36,210.0,11.0,335.6,340.7,335.9
400.0,7600,-14.7,-24.7,42,1.3,190.0,12.0,335.8,340.7,336.1
392.0,7751,-15.8,-27.0,38,1.08,200.0,10.0,336.3,340.4,336.5
384.0,7906,-16.9,-29.3,33,0.88,170.0,5.0,336.8,340.2,337.0
372.0,8144,-18.7,-32.9,27,0.65,145.0,10.0,337.6,340.1,337.7
361.0,8368,-20.3,-36.3,23,0.48,162.0,13.0,338.3,340.2,338.4
359.0,8409,-20.6,-36.5,23,0.47,165.0,13.0,338.4,340.3,338.5
346.0,8680,-22.8,-37.5,25,0.44,140.0,14.0,339.1,340.9,339.2
339.0,8830,-24.0,-38.1,26,0.42,150.0,14.0,339.4,341.1,339.5
337.0,8874,-24.3,-38.3,26,0.42,148.0,15.0,339.6,341.2,339.6
331.0,9004,-25.4,-36.0,36,0.53,140.0,17.0,339.8,341.9,339.9
322.0,9204,-27.1,-32.6,60,0.77,140.0,11.0,340.1,343.1,340.3
321.0,9226,-27.3,-32.2,63,0.8,137.0,11.0,340.1,343.3,340.3
319.0,9271,-27.5,-38.5,34,0.43,130.0,11.0,340.5,342.2,340.6
309.0,9499,-29.4,-37.8,44,0.48,95.0,10.0,341.0,342.9,341.1
300.0,9710,-31.1,-37.1,56,0.53,95.0,8.0,341.4,343.6,341.5
298.0,9757,-31.7,-35.9,66,0.6,87.0,7.0,341.2,343.6,341.4
292.0,9900,-32.7,-34.2,86,0.73,63.0,4.0,341.8,344.7,341.9
290.0,9948,-33.0,-34.9,83,0.68,55.0,3.0,342.0,344.7,342.1
270.0,10444,-36.5,-42.5,54,0.34,58.0,7.0,344.0,345.4,344.1
263.0,10625,-38.3,-41.2,74,0.4,59.0,9.0,344.0,345.6,344.1
259.0,10729,-39.0,-47.2,41,0.21,60.0,10.0,344.5,345.4,344.5
257.0,10782,-39.3,-50.3,30,0.15,63.0,12.0,344.8,345.4,344.8
250.0,10970,-40.3,-55.3,19,0.08,75.0,20.0,346.0,346.4,346.0
249.0,10997,-40.5,-55.5,18,0.08,76.0,20.0,346.1,346.5,346.1
232.0,11475,-45.3,-55.3,32,0.09,84.0,24.0,345.9,346.3,345.9
221.0,11798,-47.7,-58.7,27,0.06,90.0,27.0,347.0,347.3,347.0
219.0,11858,-48.1,-68.1,8,0.02,92.0,27.0,347.3,347.4,347.3
213.0,12039,-49.6,-66.9,11,0.02,95.0,29.0,347.7,347.8,347.7
200.0,12450,-53.1,-64.1,25,0.03,95.0,32.0,348.5,348.7,348.5
184.0,12982,-57.7,-66.7,31,0.03,91.0,36.0,349.5,349.6,349.5
179.0,13156,-59.3,-63.6,57,0.04,89.0,37.0,349.6,349.8,349.6
167.0,13587,-63.1,-67.5,55,0.03,86.0,40.0,350.3,350.4,350.3
150.0,14240,-68.5,-72.8,54,0.01,80.0,45.0,351.9,352.0,351.9
127.0,15217,-76.1,-81.0,46,0.0,80.0,63.0,355.3,355.4,355.3
125.0,15308,-76.9,-82.9,38,0.0,86.0,57.0,355.5,355.5,355.5
120.0,15545,-71.3,-85.3,11,0.0,103.0,42.0,369.9,369.9,369.9
111.0,15996,-74.6,-85.6,17,0.0,135.0,14.0,372.0,372.0,372.0
108.0,16155,-75.8,-85.8,20,0.0,140.0,12.0,372.7,372.7,372.7
101.0,16542,-78.7,-86.1,29,0.0,200.0,7.0,374.4,374.4,374.4
100.0,16600,-79.1,-86.1,31,0.0,210.0,7.0,374.6,374.7,374.6
96.1,16825,-80.7,-86.7,36,0.0,200.0,6.0,375.8,375.8,375.8
92.0,17071,-80.9,-86.9,36,0.0,0.0,0.0,380.2,380.2,380.2
91.4,17108,-80.9,-86.9,36,0.0,7.0,0.0,380.8,380.9,380.8
83.2,17639,-79.1,-87.1,26,0.0,103.0,3.0,394.9,394.9,394.9
81.0,17794,-75.8,-86.5,18,0.0,130.0,4.0,404.6,404.7,404.6
79.1,17931,-72.9,-85.9,12,0.0,152.0,8.0,413.4,413.4,413.4
76.0,18166,-72.3,-86.3,11,0.0,190.0,14.0,419.5,419.5,419.5
73.3,18379,-71.7,-86.7,9,0.0,226.0,25.0,425.0,425.1,425.0
73.0,18403,-71.8,-86.8,9,0.0,230.0,26.0,425.2,425.2,425.2
70.0,18650,-73.3,-87.3,10,0.0,240.0,31.0,427.2,427.3,427.2
67.0,18905,-74.1,-87.7,11,0.0,250.0,36.0,430.8,430.9,430.9
63.6,19208,-75.1,-88.1,12,0.0,246.0,28.0,435.2,435.2,435.2
63.0,19263,-75.0,-88.2,11,0.0,245.0,26.0,436.5,436.5,436.5
59.0,19645,-74.5,-88.9,9,0.0,270.0,13.0,446.0,446.0,446.0
56.0,19949,-74.0,-89.4,8,0.0,285.0,15.0,453.7,453.7,453.7
51.2,20471,-73.3,-90.3,6,0.0,281.0,20.0,467.2,467.2,467.2
50.0,20610,-71.5,-90.5,4,0.0,280.0,21.0,474.6,474.6,474.6
45.0,21245,-67.8,-90.1,3,0.0,330.0,25.0,498.0,498.1,498.0
43.0,21519,-66.2,-89.9,2,0.0,335.0,18.0,508.4,508.5,508.4
42.6,21576,-65.9,-89.9,2,0.0,329.0,16.0,510.6,510.6,510.6
42.0,21664,-65.7,-89.8,2,0.0,320.0,13.0,513.3,513.3,513.3
41.0,21813,-65.2,-89.6,2,0.0,335.0,14.0,517.9,517.9,517.9
38.0,22284,-63.9,-88.9,2,0.0,320.0,13.0,532.5,532.6,532.5
37.0,22450,-63.5,-88.7,2,0.0,285.0,11.0,537.8,537.8,537.8
36.0,22620,-63.0,-88.5,2,0.0,255.0,13.0,543.2,543.3,543.2
35.0,22794,-62.5,-88.2,2,0.0,245.0,18.0,548.9,548.9,548.9
33.0,23159,-61.5,-87.7,2,0.01,275.0,17.0,560.8,560.9,560.8
31.0,23547,-60.5,-87.2,2,0.01,275.0,13.0,573.8,573.9,573.8
30.0,23750,-59.9,-86.9,2,0.01,250.0,11.0,580.8,580.8,580.8
28.0,24183,-58.5,-86.2,2,0.01,200.0,16.0,596.1,596.2,596.1
27.0,24411,-57.8,-85.9,2,0.01,145.0,12.0,604.4,604.5,604.4
26.0,24648,-57.1,-85.5,2,0.01,130.0,13.0,613.1,613.2,613.1
25.0,24895,-56.3,-85.2,2,0.01,120.0,19.0,622.2,622.3,622.2
24.0,25151,-55.5,-84.8,1,0.01,150.0,21.0,631.9,632.0,631.9
23.0,25418,-54.6,-84.3,1,0.01,120.0,24.0,642.1,642.2,642.1
22.4,25584,-54.1,-84.1,1,0.02,87.0,26.0,648.5,648.6,648.5
22.0,25698,-54.7,-84.5,1,0.01,65.0,28.0,650.0,650.2,650.0
21.0,25992,-56.3,-85.5,1,0.01,45.0,33.0,654.0,654.2,654.1
20.6,26113,-56.9,-85.9,1,0.01,57.0,34.0,655.7,655.8,655.7
20.0,26300,-54.9,-84.9,1,0.01,75.0,35.0,667.4,667.5,667.4
16.4,27580,-50.9,-82.9,1,0.03,88.0,46.0,719.3,719.5,719.3
16.0,27741,-50.9,-82.9,1,0.03,90.0,47.0,724.4,724.6,724.4
14.8,28248,-50.9,-82.9,1,0.03,81.0,39.0,740.7,741.0,740.7
14.0,28615,-48.2,-81.5,1,0.04,75.0,33.0,761.8,762.2,761.8
13.1,29053,-44.9,-79.9,1,0.05,93.0,40.0,787.6,788.3,787.7
13.0,29105,-45.0,-79.9,1,0.05,95.0,41.0,789.1,789.7,789.1
12.1,29583,-45.7,-79.7,1,0.06,92.0,45.0,802.9,803.6,802.9
10.5,30532,-44.1,-80.1,1,0.06,87.0,52.0,842.0,842.8,842.0
10.0,30860,-42.7,-78.7,1,0.08,85.0,55.0,859.0,860.1,859.1
9.0,31579,-38.2,-76.7,1,0.12,85.0,71.0,902.4,904.0,902.4
8.8,31732,-37.3,-76.3,1,0.14,88.0,73.0,911.9,913.7,911.9
8.1,32304,-38.0,-77.0,1,0.13,100.0,79.0,931.0,932.8,931.0
8.0,32389,-38.1,-77.1,1,0.13,100.0,79.0,933.9,935.7,933.9
7.0,33319,-32.5,-75.5,1,0.19,100.0,51.0,993.3,996.1,993.4
6.2,34191,-23.1,-70.1,1,0.49,116.0,24.0,68.5,75.8,68.8
6.0,34429,-24.7,-71.4,0,0.42,120.0,17.0,71.6,78.0,71.9
5.6,34929,-28.1,-74.1,0,0.3,,,78.0,82.7,78.2
