# 01004 ENAS Ny-Alesund Ii Observations at 12Z 30 May 2019
Frequency [GHz],TB
175.31,247.331818414
175.322,247.395734491
175.337,247.475640505
175.352,247.555557218
175.367,247.635483082
175.382,247.715416528
175.397,247.79535598
175.412,247.875299838
175.427,247.955246489
175.442,248.035194303
175.457,248.115141634
175.472,248.195086816
175.487,248.275028171
175.502,248.354964001
175.517,248.434892594
175.532,248.514812216
175.547,248.594721122
175.562,248.674617545
175.577,248.754499705
175.592,248.8343658
175.607,248.914214012
175.622,248.994042508
175.637,249.073849435
175.652,249.153632924
175.667,249.233391085
175.682,249.313122014
175.697,249.392823787
175.712,249.472494462
175.727,249.55213208
175.742,249.63173466
175.757,249.711300211
175.772,249.790826715
175.787,249.870312139
175.802,249.949754432
175.817,250.029151524
175.832,250.108501326
175.847,250.187801732
175.862,250.267050614
175.877,250.346245828
175.892,250.425385211
175.907,250.504466577
175.922,250.583487727
175.937,250.66244644
175.952,250.741340474
175.967,250.820167572
175.982,250.898925452
175.997,250.97761182
176.012,251.056224356
176.027,251.134760725
176.042,251.213218568
176.057,251.291595512
176.072,251.36988916
176.087,251.448097099
176.102,251.526216891
176.117,251.604246084
176.132,251.682182204
176.147,251.760022757
176.162,251.837765228
176.177,251.915407085
176.192,251.992945774
176.207,252.070378721
176.222,252.147703334
176.237,252.224916999
176.252,252.302017083
176.267,252.379000934
176.282,252.455865877
176.297,252.532609221
176.31,252.599019661
176.312,252.609228251
176.327,252.685720236
176.342,252.76208242
176.357,252.838312032
176.372,252.914406278
176.387,252.990362345
176.402,253.0661774
176.417,253.141848591
176.432,253.217373042
176.447,253.292747861
176.46,253.357949419
176.462,253.367970137
176.477,253.443036935
176.492,253.517945302
176.507,253.592692268
176.522,253.667274839
176.537,253.74169
176.552,253.815934724
176.567,253.890005957
176.582,253.963900629
176.597,254.037615647
176.612,254.111147904
176.627,254.184494268
176.642,254.257651592
176.657,254.330616706
176.672,254.403386423
176.687,254.475957539
176.702,254.548326825
176.717,254.620491038
176.732,254.692446915
176.747,254.764191174
176.762,254.835720513
176.777,254.907031615
176.792,254.978121141
176.807,255.048985736
176.822,255.119622025
176.837,255.190026617
176.852,255.260196101
176.867,255.330127051
176.882,255.399816021
176.897,255.469259548
176.912,255.538454153
176.927,255.607396339
176.942,255.67608259
176.957,255.744509378
176.972,255.812673155
176.987,255.880570356
177.002,255.948197402
177.017,256.015550699
177.032,256.082626633
177.047,256.149421578
177.062,256.215931891
177.077,256.282153914
177.092,256.348083977
177.107,256.41371839
177.122,256.479053452
177.137,256.544085448
177.152,256.608810649
177.167,256.67322531
177.182,256.737325676
177.197,256.801107978
177.21,256.856125769
177.212,256.864568432
177.227,256.927703243
177.242,256.990508606
177.257,257.052980701
177.272,257.115115697
177.287,257.176909753
177.302,257.238359017
177.31,257.270989643
177.317,257.299459626
177.332,257.360207705
177.347,257.420599372
177.362,257.480630736
177.377,257.540297893
177.392,257.599596933
177.407,257.658523939
177.422,257.717074982
177.437,257.775246128
177.452,257.833033438
177.467,257.890432962
177.482,257.947440745
177.497,258.004052828
177.512,258.060265245
177.527,258.116074023
177.542,258.171475193
177.557,258.226464769
177.572,258.281038771
177.587,258.335193214
177.602,258.388924108
177.617,258.442227465
177.632,258.49509929
177.647,258.547535591
177.66,258.592625008
177.662,258.599532374
177.677,258.651085646
177.692,258.702191414
177.707,258.752845684
177.722,258.803044468
177.737,258.852783776
177.752,258.902059624
177.767,258.950868028
177.782,258.999205013
177.797,259.047066602
177.812,259.094448829
177.827,259.141347729
177.842,259.18775935
177.857,259.233679739
177.872,259.279104955
177.887,259.324031066
177.902,259.368454149
177.917,259.412370287
177.932,259.455775577
177.947,259.498666125
177.96,259.535418564
177.962,259.54103805
177.977,259.582887483
177.992,259.624210568
178.007,259.665003462
178.022,259.705262338
178.037,259.744983383
178.052,259.784162799
178.067,259.822796809
178.082,259.860881646
178.097,259.898413569
178.112,259.935388852
178.127,259.971803788
178.142,260.007654692
178.157,260.042937899
178.172,260.077649768
178.187,260.111786678
178.202,260.145345033
178.217,260.178321262
178.232,260.210711818
178.247,260.242513181
178.262,260.273721856
178.277,260.304334377
178.292,260.334347306
178.307,260.363757232
178.322,260.392560778
178.337,260.420754596
178.352,260.448335369
178.367,260.475299812
178.382,260.501644674
178.397,260.527366738
178.41,260.549152959
178.412,260.552462824
178.427,260.576929782
178.442,260.600764505
178.457,260.623963921
178.472,260.646524994
178.487,260.668444729
178.502,260.689720173
178.517,260.710348409
178.532,260.730326566
178.547,260.749651811
178.562,260.76832136
178.577,260.786332467
178.592,260.803682433
178.607,260.820368606
178.622,260.83638838
178.637,260.851739195
178.652,260.866418539
178.667,260.880423951
178.682,260.893753016
178.697,260.906403374
178.712,260.918372711
178.727,260.929658769
178.742,260.940259342
178.757,260.950172274
178.772,260.95939547
178.787,260.96792688
178.802,260.975764521
178.817,260.982906457
178.832,260.989350813
178.847,260.995095773
178.862,261.000139578
178.877,261.004480525
178.892,261.008116977
178.907,261.011047353
178.922,261.013270132
178.937,261.014783858
178.952,261.015587137
178.967,261.015678634
178.982,261.01505708
178.997,261.013721271
179.012,261.011670065
179.027,261.008902387
179.042,261.005417225
179.057,261.001213635
179.072,260.996290737
179.087,260.990647721
179.102,260.984283841
179.117,260.977198421
179.132,260.969390852
179.147,260.960860592
179.16,260.952882757
179.162,260.951607168
179.177,260.941630181
179.192,260.930929291
179.207,260.919504237
179.222,260.907354822
179.237,260.894480923
179.252,260.880882482
179.267,260.866559515
179.282,260.851512109
179.297,260.835740419
179.312,260.819244668
179.327,260.802025157
179.342,260.784082251
179.357,260.76541639
179.372,260.746028081
179.387,260.725917903
179.402,260.705086505
179.417,260.683534608
179.432,260.661263
179.447,260.638272541
179.462,260.614564161
179.477,260.590138857
179.492,260.564997699
179.507,260.539141822
179.522,260.51257243
179.537,260.485290798
179.552,260.457298269
179.567,260.428596249
179.582,260.399186214
179.597,260.369069704
179.612,260.33824833
179.627,260.306723763
179.642,260.274497741
179.657,260.241572066
179.672,260.207948604
179.687,260.173629282
179.702,260.138616091
179.717,260.102911084
179.732,260.06651637
179.747,260.029434127
179.762,259.991666582
179.777,259.953216026
179.792,259.914084807
179.807,259.874275328
179.822,259.833790048
179.837,259.792631482
179.852,259.750802197
179.867,259.708304813
179.882,259.665142003
179.897,259.621316488
179.91,259.582800463
179.912,259.576831042
179.927,259.531688486
179.942,259.485891687
179.957,259.439443561
179.972,259.392347067
179.987,259.344605209
180.002,259.296221035
180.017,259.247197634
180.032,259.197538133
180.047,259.147245704
180.062,259.096323551
180.077,259.044774918
180.092,258.992603087
180.107,258.939811369
180.122,258.886403115
180.137,258.832381701
180.152,258.777750538
180.167,258.722513066
180.182,258.666672753
180.197,258.610233094
180.212,258.553197611
180.227,258.495569846
180.242,258.437353371
180.257,258.378551775
180.272,258.319168671
180.287,258.25920769
180.302,258.198672481
180.317,258.137566712
180.332,258.075894066
180.347,258.013658244
180.362,257.950862954
180.377,257.887511922
180.392,257.823608887
180.407,257.759157596
180.422,257.694161803
180.437,257.628625278
180.452,257.562551791
180.467,257.495945122
180.482,257.428809057
180.497,257.361147385
180.512,257.292963903
180.527,257.224262405
180.542,257.155046694
180.557,257.085320568
180.56,257.071314428
180.572,257.015087831
180.587,256.944352284
180.602,256.87311773
180.617,256.801387968
180.632,256.729166798
180.647,256.656458018
180.66,256.593052252
180.662,256.583265422
180.677,256.509592801
180.692,256.435443943
180.707,256.360822634
180.722,256.285732654
180.737,256.210177779
180.752,256.134161783
180.767,256.057688433
180.782,255.980761494
180.797,255.903384724
180.812,255.825561878
180.827,255.747296708
180.842,255.668592961
180.857,255.589454378
180.872,255.509884701
180.887,255.429887663
180.902,255.349467001
180.917,255.268626443
180.932,255.18736972
180.947,255.10570056
180.962,255.023622688
180.977,254.941139833
180.992,254.858255724
181.007,254.77497409
181.022,254.69129866
181.037,254.607233171
181.052,254.522781363
181.067,254.437946981
181.082,254.352733775
181.097,254.267145504
181.112,254.181185934
181.127,254.094858844
181.142,254.008168021
181.157,253.921117266
181.172,253.833710394
181.187,253.745951235
181.202,253.657843638
181.217,253.569391466
181.232,253.480598609
181.247,253.391468971
181.262,253.302006487
181.277,253.212215112
181.292,253.12209883
181.307,253.031661657
181.31,253.01353607
181.322,252.940907636
181.337,252.849840845
181.352,252.758465398
181.367,252.666785446
181.382,252.574805179
181.397,252.482528831
181.412,252.389960678
181.427,252.297105045
181.442,252.203966303
181.457,252.110548879
181.472,252.016857251
181.487,251.922895957
181.502,251.828669592
181.517,251.734182817
181.532,251.639440357
181.547,251.544447006
181.562,251.449207629
181.577,251.353727171
181.592,251.25801065
181.607,251.16206317
181.622,251.065889919
181.637,250.969496176
181.652,250.872887312
181.667,250.776068797
181.682,250.679046201
181.697,250.581825201
181.712,250.484411588
181.727,250.386811261
181.742,250.289030246
181.757,250.191074689
181.772,250.092950869
181.787,249.994665204
181.802,249.896224249
181.817,249.797634708
181.832,249.698903443
181.847,249.600037469
181.862,249.501043978
181.877,249.401930328
181.892,249.302704067
181.907,249.203372928
181.922,249.103944843
181.937,249.004427953
181.952,248.904830612
181.967,248.805161403
181.982,248.70542914
181.997,248.605642885
182.012,248.505811955
182.027,248.405945935
182.042,248.306054688
182.057,248.20614837
182.06,248.186166212
182.072,248.106237436
182.087,248.006332666
182.102,247.906445166
182.117,247.806586388
182.132,247.706768145
182.147,247.607002626
182.162,247.507302415
182.177,247.407680501
182.192,247.308150305
182.207,247.208725687
182.222,247.109420976
182.237,247.010250982
182.252,246.911231015
182.267,246.812376914
182.282,246.713705058
182.297,246.615232394
182.312,246.516976455
182.327,246.41895539
182.342,246.321187973
182.357,246.223693638
182.372,246.126492504
182.387,246.029605387
182.402,245.933053834
182.417,245.836860139
182.432,245.741047373
182.447,245.645639403
182.462,245.550660914
182.477,245.456137434
182.492,245.362095351
182.507,245.268561934
182.522,245.175565351
182.537,245.083134682
182.552,244.991299939
182.567,244.900092072
182.582,244.809542975
182.597,244.719685498
182.612,244.63055344
182.627,244.542181546
182.642,244.454605498
182.657,244.367861899
182.672,244.281988242
182.687,244.197022888
182.702,244.113005012
182.717,244.029974559
182.732,243.947972168
182.747,243.867039101
182.762,243.787217134
182.777,243.708548447
182.792,243.631075481
182.807,243.554840766
182.822,243.47988673
182.837,243.406255459
182.852,243.333988415
182.867,243.263126115
182.882,243.19370773
182.897,243.12577062
182.912,243.059349773
182.927,242.994477135
182.942,242.931180802
182.957,242.869484033
182.972,242.809404057
182.987,242.750950613
183.002,242.694124146
183.017,242.638913577
183.032,242.58529355
183.047,242.533220999
183.062,242.482630884
183.077,242.433430914
183.092,242.385495071
183.107,242.338655783
183.122,242.292694749
183.137,242.247332785
183.152,242.202219758
183.167,242.156927212
183.182,242.110949062
183.197,242.063720791
183.212,242.014676693
183.227,241.963381103
183.242,241.909801308
183.257,241.854848904
183.367,241.856329488
183.382,241.907826047
183.397,241.95758631
183.412,242.005010641
183.427,242.050271235
183.442,242.093855079
183.457,242.136336057
183.472,242.178267224
183.487,242.220135762
183.502,242.262349852
183.517,242.305240752
183.532,242.349071214
183.547,242.394045725
183.562,242.440320481
183.577,242.488012232
183.592,242.537205754
183.607,242.587960004
183.622,242.640313123
183.637,242.694286475
183.652,242.749887884
183.667,242.807114257
183.682,242.865953686
183.697,242.92638716
183.712,242.988389953
183.727,243.051932765
183.742,243.116982652
183.757,243.183503803
183.772,243.251458181
183.787,243.320806058
183.802,243.391506461
183.817,243.463517552
183.832,243.536796944
183.847,243.611301972
183.862,243.686989911
183.877,243.763818178
183.892,243.841744484
183.907,243.920726976
183.922,244.000724348
183.937,244.081695935
183.952,244.163601791
183.967,244.246402756
183.982,244.330060507
183.997,244.414537592
184.012,244.499797473
184.027,244.58580454
184.042,244.672524128
184.057,244.759922532
184.072,244.847967004
184.087,244.936625759
184.102,245.025867964
184.117,245.11566373
184.132,245.205984113
184.147,245.296801079
184.162,245.388087509
184.177,245.479817163
184.192,245.571964675
184.207,245.664505523
184.222,245.757416011
184.237,245.85067325
184.252,245.944255125
184.267,246.038140285
184.282,246.132308107
184.297,246.226738681
184.312,246.321412783
184.327,246.416311853
184.342,246.51141797
184.357,246.606713833
184.372,246.702182732
184.387,246.797808534
184.402,246.893575653
184.417,246.989469036
184.432,247.08547414
184.447,247.181576912
184.462,247.277763771
184.477,247.374021583
184.492,247.470337655
184.507,247.566699703
184.522,247.66309585
184.537,247.759514597
184.552,247.855944814
184.56,247.907375219
184.567,247.952375724
184.582,248.048796889
184.597,248.145198195
184.612,248.241569837
184.627,248.337902308
184.642,248.43418639
184.657,248.530413137
184.672,248.626573866
184.687,248.722660147
184.702,248.818663789
184.717,248.914576839
184.732,249.010391559
184.747,249.10610043
184.762,249.201696138
184.777,249.297171562
184.792,249.392519774
184.807,249.487734027
184.822,249.582807745
184.837,249.677734523
184.852,249.772508118
184.867,249.867122438
184.882,249.961571541
184.897,250.055849633
184.912,250.14995105
184.927,250.243870265
184.942,250.337601878
184.957,250.43114061
184.972,250.524481303
184.987,250.617618908
185.002,250.71054849
185.017,250.803265218
185.032,250.895764363
185.047,250.988041287
185.062,251.080091458
185.077,251.171910426
185.092,251.263493828
185.107,251.35483739
185.122,251.445936916
185.137,251.536788287
185.152,251.627387461
185.167,251.717730464
185.182,251.807813398
185.197,251.897632426
185.212,251.98718378
185.227,252.076463747
185.242,252.165468681
185.257,252.254194987
185.272,252.342639128
185.287,252.430797618
185.302,252.518667022
185.31,252.56541133
185.317,252.606243955
185.332,252.693525073
185.347,252.780507083
185.362,252.86718673
185.377,252.953560801
185.392,253.039626121
185.407,253.125379554
185.422,253.210817998
185.437,253.295938385
185.452,253.380737676
185.467,253.46521287
185.482,253.549360986
185.497,253.633179079
185.512,253.716664223
185.527,253.799813521
185.542,253.8826241
185.557,253.965093105
185.572,254.047217704
185.587,254.128995087
185.602,254.210422459
185.617,254.291497045
185.632,254.372216086
185.647,254.452576834
185.662,254.532576562
185.677,254.612212554
185.692,254.691482103
185.707,254.770382517
185.722,254.848911115
185.737,254.927065224
185.752,255.004842182
185.767,255.082239334
185.782,255.159254034
185.797,255.235883643
185.812,255.31212553
185.827,255.387977067
185.842,255.463435635
185.857,255.538498618
185.872,255.613163407
185.887,255.687427393
185.902,255.761287979
185.917,255.834742564
185.932,255.907788556
185.947,255.980423363
185.96,256.043038925
185.962,256.052644397
185.977,256.124449077
185.992,256.195834818
186.007,256.266799045
186.022,256.337339182
186.037,256.407452655
186.052,256.477136898
186.06,256.514125434
186.067,256.546389344
186.082,256.61520743
186.097,256.683588597
186.112,256.751530288
186.127,256.819029955
186.142,256.886085048
186.157,256.952693026
186.172,257.018851349
186.187,257.084557484
186.202,257.149808903
186.217,257.214603085
186.232,257.278937516
186.247,257.342809683
186.262,257.406217089
186.277,257.469157237
186.292,257.531627644
186.307,257.593625832
186.322,257.655149331
186.337,257.716195689
186.352,257.776762457
186.367,257.836847197
186.382,257.896447487
186.397,257.955560916
186.412,258.014185087
186.427,258.072317614
186.442,258.129956127
186.457,258.187098273
186.472,258.243741712
186.487,258.299884123
186.502,258.355523202
186.517,258.410656661
186.532,258.465282236
186.547,258.519397676
186.562,258.573000755
186.577,258.626089267
186.592,258.678661028
186.607,258.730713876
186.622,258.782245674
186.637,258.833254308
186.652,258.88373769
186.667,258.933693756
186.682,258.98312047
186.697,259.032015824
186.71,259.073960453
186.712,259.080377836
186.727,259.128204553
186.742,259.175494055
186.757,259.222244448
186.772,259.268453869
186.787,259.31412049
186.802,259.359242515
186.817,259.403818177
186.832,259.447845748
186.847,259.491323531
186.862,259.534249865
186.877,259.576623124
186.892,259.61844172
186.907,259.659704102
186.922,259.700408755
186.937,259.740554206
186.952,259.780139014
186.967,259.819161784
186.982,259.857621159
186.997,259.895515819
187.012,259.93284449
187.027,259.969605938
187.042,260.005798969
187.057,260.041422431
187.072,260.076475222
187.087,260.110956274
187.102,260.144864567
187.117,260.178199127
187.132,260.21095902
187.147,260.24314336
187.162,260.274751308
187.177,260.305782065
187.192,260.336234882
187.207,260.366109056
187.222,260.395403928
187.237,260.424118888
187.252,260.452253372
187.267,260.479806861
187.282,260.50677889
187.297,260.533169031
187.312,260.558976913
187.327,260.584202209
187.342,260.608844639
187.357,260.632903971
187.372,260.656380024
187.387,260.67927266
187.402,260.701581793
187.417,260.723307384
187.432,260.744449444
187.447,260.765008027
187.46,260.78235358
187.462,260.784983242
187.477,260.804375239
187.492,260.82318422
187.507,260.841410436
187.522,260.859054182
187.537,260.876115803
187.552,260.892595692
187.567,260.908494288
187.582,260.923812077
187.597,260.938549594
187.612,260.952707419
187.627,260.966286178
187.642,260.979286545
187.657,260.991709241
187.672,261.003555031
187.687,261.014824727
187.702,261.025519184
187.717,261.035639303
187.732,261.045186034
187.747,261.054160365
187.762,261.062563333
187.777,261.070396015
187.792,261.077659534
187.807,261.084355056
187.822,261.090483788
187.837,261.09604698
187.852,261.101045925
187.867,261.105481957
187.882,261.109356451
187.897,261.112670822
187.912,261.115426525
187.927,261.117625058
187.942,261.119267952
187.957,261.120356785
187.972,261.120893167
187.987,261.120878749
188.002,261.120315217
188.017,261.119204299
188.032,261.117547753
188.047,261.115347379
188.062,261.112605007
188.077,261.109322507
188.092,261.10550178
188.107,261.101144763
188.122,261.096253427
188.137,261.090829773
188.152,261.084875837
188.167,261.078393687
188.182,261.07138542
188.197,261.063853166
188.21,261.056903033
188.212,261.055799084
188.227,261.047225364
188.242,261.038134225
188.257,261.028527914
188.272,261.018408706
188.287,261.007778904
188.302,260.996640838
188.317,260.984996864
188.332,260.972849367
188.347,260.960200751
188.362,260.94705345
188.377,260.933409922
188.392,260.919272645
188.407,260.904644126
188.422,260.889526889
188.437,260.873923483
188.452,260.857836478
188.467,260.841268466
188.482,260.824222056
188.497,260.806699882
188.512,260.788704594
188.527,260.770238858
188.542,260.751305366
188.557,260.731906822
188.572,260.712045949
188.587,260.691725485
188.602,260.670948187
188.617,260.649716825
188.632,260.628034187
188.647,260.605903071
188.66,260.58636218
188.662,260.583326296
188.677,260.560306686
188.692,260.536847086
188.707,260.512950348
188.722,260.48861934
188.737,260.463856939
188.752,260.438666034
188.767,260.413049524
188.782,260.387010317
188.797,260.360551335
188.812,260.333675506
188.827,260.306385764
188.842,260.278685058
188.857,260.250576339
188.872,260.222062567
188.887,260.19314671
188.902,260.163831741
188.917,260.13412064
188.932,260.104016391
188.947,260.073521984
188.96,260.046780218
188.962,260.042640414
188.977,260.01137468
188.992,259.979727786
189.007,259.947702736
189.022,259.91530254
189.037,259.88253021
189.052,259.849388757
189.067,259.815881202
189.082,259.782010558
189.097,259.747779844
189.112,259.71319208
189.127,259.678250284
189.142,259.642957476
189.157,259.607316672
189.172,259.571330893
189.187,259.535003153
189.202,259.498336469
189.217,259.461333852
189.232,259.423998315
189.247,259.386332867
189.262,259.348340511
189.277,259.310024253
189.292,259.271387091
189.307,259.232432019
189.31,259.224603119
189.322,259.193162029
189.337,259.153580109
189.352,259.113689243
189.367,259.073492403
189.382,259.032992566
189.397,258.992192697
189.41,258.956592405
189.412,258.951095756
189.427,258.9097047
189.442,258.868022476
189.457,258.826052027
189.472,258.783796288
189.487,258.741258187
189.502,258.698440645
189.517,258.655346575
189.532,258.611978883
189.547,258.568340467
189.562,258.524434217
189.577,258.480263012
189.592,258.435829726
189.607,258.391137222
189.622,258.346188354
189.637,258.30098597
189.652,258.255532902
189.667,258.209831978
189.682,258.163886015
189.697,258.117697819
189.712,258.071270186
189.727,258.024605901
189.742,257.977707741
189.757,257.930578472
189.772,257.883220844
189.787,257.835637604
189.802,257.787831481
189.817,257.739805197
189.832,257.691561461
189.847,257.643102969
189.862,257.594432408
189.877,257.545552455
189.892,257.496465768
189.907,257.447175001
189.922,257.397682788
189.937,257.347991757
189.952,257.29810452
189.967,257.24802368
189.982,257.197751823
189.997,257.147291525
190.012,257.096645349
190.027,257.045815845
190.042,256.994805549
190.057,256.943616985
190.072,256.892252664
190.087,256.840715084
190.102,256.789006726
190.117,256.737130063
190.132,256.685087552
190.147,256.632881637
190.16,256.587506213
190.162,256.580514747
190.177,256.527989299
190.192,256.475307696
190.207,256.422472325
190.222,256.369485564
190.237,256.316349773
190.252,256.2630673
190.267,256.209640477
190.282,256.156071625
190.297,256.102363048
190.31,256.055704366
190.312,256.04851704
190.327,255.994535875
190.342,255.940421819
190.357,255.88617712
190.372,255.831804012
190.387,255.777304718
190.402,255.722681442
190.417,255.667936378
190.432,255.613071703
190.447,255.558089581
190.462,255.502992161
190.477,255.447781579
190.492,255.392459957
190.507,255.337029398
190.522,255.281491998
190.537,255.225849832
190.552,255.170104967
190.567,255.11425945
190.582,255.058315317
190.597,255.002274588
190.612,254.946139269
190.627,254.889911355
190.642,254.833592822
190.657,254.777185633
190.672,254.720691739
190.687,254.664113076
190.702,254.607451563
190.717,254.55070911
190.732,254.493887607
190.747,254.436988932
190.762,254.380014952
190.777,254.322967518
190.792,254.265848465
190.807,254.208659614
190.822,254.151402777
190.837,254.094079745
190.852,254.036692301
190.867,253.979242209
190.882,253.921731225
190.897,253.864161085
190.912,253.806533517
190.927,253.74885023
190.942,253.691112923
190.957,253.63332328
190.972,253.57548297
190.987,253.517593651
191.002,253.459656967
191.017,253.401674545
191.032,253.343648004
191.047,253.285578945
191.062,253.227468959
191.077,253.169319622
191.092,253.111132496
191.107,253.052909131
191.122,252.994651063
191.137,252.936359817
191.152,252.878036902
191.167,252.819683816
191.182,252.761302042
191.197,252.702893054
191.212,252.644458308
191.227,252.58599925
191.242,252.527517315
191.257,252.469013922
191.272,252.410490478
191.287,252.35194838
191.302,252.293389009
191.31,252.262150755
