# 10410 EDZE Essen Observations at 12Z 09 Mar 2019
p [hPa],z [m],T [C],T_dew [C],RH [%],r [g/kg],wdir [deg],SKNT [knot],THTA [K],THTE [K],THTV [K]
1000.0,89,,,,,,,,,
993.0,147,9.4,6.5,82.0,6.15,220.0,6.0,283.1,300.3,284.2
979.0,264,8.3,6.0,86.0,6.03,215.0,16.0,283.1,300.0,284.1
933.0,663,4.4,4.4,100.0,5.65,238.0,33.0,283.1,299.0,284.1
929.0,698,4.1,4.1,100.0,5.55,240.0,35.0,283.1,298.8,284.1
925.0,733,3.8,3.8,100.0,5.46,240.0,35.0,283.2,298.6,284.1
923.0,751,3.6,2.6,93.0,5.02,241.0,35.0,283.2,297.4,284.0
910.0,866,5.2,-7.8,39.0,2.35,250.0,36.0,285.9,293.0,286.4
882.0,1118,3.4,-8.3,42.0,2.34,270.0,37.0,286.6,293.6,287.0
850.0,1416,1.2,-8.8,47.0,2.32,270.0,41.0,287.4,294.4,287.8
701.0,2929,-11.7,-13.7,85.0,1.9,270.0,58.0,289.4,295.2,289.7
700.0,2940,-11.7,-13.8,84.0,1.89,270.0,58.0,289.5,295.3,289.8
649.0,3508,-15.5,-17.2,86.0,1.53,265.0,62.0,291.5,296.3,291.8
604.0,4047,-19.1,-20.5,89.0,1.25,275.0,70.0,293.4,297.4,293.6
578.0,4377,-21.3,-22.5,90.0,1.09,277.0,66.0,294.6,298.1,294.8
539.0,4888,-24.8,-26.4,86.0,0.83,280.0,60.0,296.4,299.1,296.5
533.0,4969,-25.3,-27.0,86.0,0.79,279.0,64.0,296.7,299.3,296.8
512.0,5259,-26.9,-28.7,85.0,0.7,275.0,78.0,298.1,300.5,298.2
500.0,5430,-27.9,-29.7,85.0,0.66,275.0,78.0,299.0,301.2,299.1
490.0,5575,-29.1,-31.5,80.0,0.56,273.0,77.0,299.2,301.1,299.3
473.0,5825,-31.3,-32.8,86.0,0.52,270.0,76.0,299.6,301.3,299.6
449.0,6194,-34.5,-34.7,98.0,0.45,275.0,86.0,300.0,301.6,300.1
445.0,6256,-34.9,-43.9,39.0,0.18,275.0,88.0,300.3,300.9,300.3
442.0,6303,-34.7,-48.7,23.0,0.1,276.0,89.0,301.1,301.5,301.1
434.0,6431,-34.1,-56.1,9.0,0.04,278.0,93.0,303.4,303.6,303.4
400.0,7000,-36.7,-60.7,7.0,0.03,285.0,109.0,307.2,307.3,307.2
393.0,7122,-36.5,-57.5,10.0,0.04,286.0,113.0,309.0,309.2,309.0
375.0,7445,-39.1,-50.6,28.0,0.1,290.0,122.0,309.8,310.1,309.8
363.0,7668,-40.9,-45.9,58.0,0.17,288.0,125.0,310.2,310.9,310.3
340.0,8111,-43.7,-53.7,32.0,0.08,285.0,130.0,312.3,312.6,312.3
313.0,8662,-48.5,-54.5,50.0,0.07,285.0,128.0,313.1,313.4,313.1
308.0,8768,-49.3,-59.3,30.0,0.04,285.0,127.0,313.4,313.6,313.4
300.0,8940,-50.9,-56.9,49.0,0.06,285.0,126.0,313.5,313.7,313.5
295.0,9048,-52.1,-58.1,48.0,0.05,285.0,126.0,313.3,313.5,313.3
286.0,9247,-53.5,-63.5,28.0,0.03,285.0,124.0,314.1,314.2,314.1
263.0,9780,-55.7,-65.7,28.0,0.02,285.0,121.0,318.5,318.6,318.5
250.0,10100,-56.9,-68.9,21.0,0.01,285.0,118.0,321.4,321.4,321.4
243.0,10282,-56.2,-70.8,14.0,0.01,290.0,118.0,325.1,325.1,325.1
211.0,11185,-52.5,-80.5,2.0,0.0,294.0,82.0,344.2,344.2,344.2
203.0,11434,-53.4,-82.1,2.0,0.0,295.0,72.0,346.6,346.6,346.6
200.0,11530,-53.7,-82.7,2.0,0.0,290.0,74.0,347.6,347.6,347.6
197.0,11627,-53.6,-83.0,2.0,0.0,290.0,76.0,349.2,349.2,349.2
192.0,11793,-53.5,-83.5,1.0,0.0,288.0,76.0,352.0,352.0,352.0
184.0,12071,-50.8,-83.7,1.0,0.0,285.0,76.0,360.7,360.7,360.7
176.0,12361,-47.9,-83.9,1.0,0.0,283.0,63.0,370.0,370.0,370.0
166.0,12745,-48.9,-84.9,1.0,0.0,280.0,47.0,374.6,374.6,374.6
150.0,13410,-50.7,-86.7,1.0,0.0,290.0,62.0,382.5,382.5,382.5
149.0,13453,-50.8,-86.8,1.0,0.0,290.0,62.0,383.0,383.1,383.0
132.0,14237,-52.9,-88.2,1.0,0.0,285.0,49.0,392.8,392.8,392.8
126.0,14538,-53.7,-88.7,1.0,0.0,278.0,56.0,396.6,396.6,396.6
124.0,14641,-52.8,-88.6,1.0,0.0,275.0,58.0,400.1,400.1,400.1
119.0,14908,-50.5,-88.5,0.0,0.0,284.0,63.0,409.0,409.0,409.0
113.0,15242,-51.8,-88.9,0.0,0.0,295.0,68.0,412.6,412.7,412.6
105.0,15716,-53.7,-89.4,1.0,0.0,305.0,52.0,417.8,417.8,417.8
101.0,15966,-54.7,-89.7,1.0,0.0,293.0,43.0,420.6,420.6,420.6
100.0,16030,-54.3,-90.3,0.0,0.0,290.0,41.0,422.5,422.5,422.5
89.2,16755,-58.4,-91.5,1.0,0.0,290.0,66.0,428.3,428.4,428.3
89.0,16769,-58.5,-91.5,1.0,0.0,290.0,66.0,428.4,428.5,428.5
83.0,17211,-57.4,-91.4,1.0,0.0,300.0,45.0,439.3,439.3,439.3
82.0,17287,-57.2,-91.4,1.0,0.0,295.0,41.0,441.2,441.3,441.2
79.0,17523,-56.6,-91.4,1.0,0.0,280.0,49.0,447.2,447.2,447.2
74.0,17937,-55.6,-91.3,0.0,0.0,285.0,51.0,457.8,457.8,457.8
72.7,18049,-55.3,-91.3,0.0,0.0,288.0,48.0,460.7,460.7,460.7
70.0,18290,-56.1,-91.1,1.0,0.0,295.0,43.0,464.0,464.0,464.0
65.0,18758,-57.6,-91.5,1.0,0.0,310.0,39.0,470.8,470.8,470.8
62.0,19056,-58.5,-91.7,1.0,0.0,305.0,23.0,475.1,475.1,475.1
60.0,19264,-59.1,-91.9,1.0,0.0,285.0,19.0,478.1,478.2,478.1
57.1,19576,-60.1,-92.1,1.0,0.0,271.0,33.0,482.8,482.8,482.8
57.0,19588,-60.0,-92.1,1.0,0.0,270.0,33.0,483.2,483.2,483.2
54.0,19930,-56.7,-91.4,1.0,0.0,305.0,49.0,498.4,498.4,498.4
52.6,20096,-55.1,-91.1,0.0,0.0,310.0,44.0,505.8,505.8,505.8
50.0,20420,-56.1,-91.1,1.0,0.0,320.0,35.0,510.8,510.9,510.8
47.0,20811,-57.0,-91.5,1.0,0.0,335.0,21.0,517.7,517.8,517.7
46.0,20948,-57.3,-91.6,1.0,0.0,315.0,16.0,520.2,520.2,520.2
45.0,21087,-57.7,-91.7,1.0,0.0,300.0,17.0,522.6,522.7,522.6
44.9,21101,-57.7,-91.7,1.0,0.0,301.0,18.0,522.9,522.9,522.9
43.0,21375,-55.9,-91.1,1.0,0.0,315.0,21.0,533.9,533.9,533.9
42.0,21524,-54.9,-90.8,0.0,0.0,290.0,17.0,539.9,539.9,539.9
41.8,21555,-54.7,-90.7,0.0,0.0,291.0,18.0,541.1,541.1,541.1
40.0,21835,-55.3,-91.0,0.0,0.0,300.0,25.0,546.4,546.4,546.4
35.9,22522,-56.9,-91.9,0.0,0.0,316.0,19.0,559.5,559.5,559.5
35.0,22684,-55.6,-91.3,0.0,0.0,320.0,17.0,567.0,567.1,567.0
34.0,22869,-54.0,-90.5,0.0,0.0,310.0,16.0,575.8,575.8,575.8
33.4,22983,-53.1,-90.1,0.0,0.0,286.0,18.0,581.2,581.2,581.2
33.0,23060,-53.4,-90.2,0.0,0.0,270.0,19.0,582.4,582.4,582.4
31.0,23460,-54.9,-90.5,0.0,0.0,260.0,31.0,588.8,588.9,588.8
30.0,23670,-55.7,-90.7,1.0,0.0,275.0,29.0,592.2,592.2,592.2
29.1,23863,-56.7,-91.7,0.0,0.0,295.0,30.0,594.6,594.7,594.6
28.0,24107,-56.6,-91.7,0.0,0.0,320.0,31.0,601.4,601.4,601.4
27.0,24338,-56.6,-91.8,0.0,0.0,335.0,27.0,607.8,607.9,607.8
26.0,24577,-56.5,-91.8,0.0,0.0,320.0,21.0,614.6,614.6,614.6
23.0,25354,-56.3,-92.0,0.0,0.0,315.0,14.0,637.1,637.1,637.1
20.0,26240,-56.1,-92.1,0.0,0.0,315.0,29.0,663.7,663.8,663.7
19.3,26467,-54.9,-90.9,0.0,0.01,308.0,29.0,674.2,674.3,674.2
19.0,26567,-55.1,-91.0,0.0,0.01,305.0,29.0,676.6,676.6,676.6
17.0,27274,-56.6,-91.8,0.0,0.01,330.0,33.0,693.6,693.7,693.6
16.4,27502,-57.1,-92.1,0.0,0.0,321.0,42.0,699.2,699.2,699.2
16.0,27659,-56.7,-91.9,0.0,0.01,315.0,49.0,705.4,705.5,705.4
14.0,28511,-54.6,-90.9,0.0,0.01,320.0,62.0,740.0,740.1,740.0
13.9,28557,-54.5,-90.9,0.0,0.01,320.0,62.0,741.9,742.0,741.9
13.0,28984,-53.4,-90.4,0.0,0.01,335.0,52.0,759.9,760.0,759.9
12.9,29033,-53.3,-90.3,0.0,0.01,,,762.0,762.1,762.0
