#01004 ENAS Ny-Alesund Ii Observations at 12Z 01 Aug 2020
#-----------------------------------------------------------------------------
#   PRES   HGHT   TEMP   DWPT   RELH   MIXR   DRCT   SKNT   THTA   THTE   THTV
#    hPa     m      C      C      %    g/kg    deg   knot     K      K      K 
#-----------------------------------------------------------------------------
 1017.0      8    7.4    6.5     94   6.00    335      6  279.2  295.7  280.2
 1012.0     50    6.0    6.0    100   5.82    306      5  278.2  294.2  279.2
 1000.0    153    6.6    6.4     99   6.06    235      2  279.8  296.5  280.8
  996.0    186    6.8    6.3     97   6.04    262      1  280.3  297.0  281.3
  994.0    203    8.0    6.2     89   6.03    275      0  281.6  298.4  282.7
  993.0    211    8.6    6.2     85   6.02    273      0  282.3  299.1  283.3
  968.0    422    9.4    5.0     74   5.68    222      4  285.2  301.3  286.2
  934.0    719    8.6    4.8     77   5.79    150     10  287.3  303.9  288.3
  925.0    799    8.4    4.7     78   5.82    150     12  287.9  304.6  288.9
  917.0    871    7.8    4.4     79   5.75    156     12  288.0  304.5  289.0
  894.0   1080    8.4   -1.6     49   3.82    173     12  290.7  302.1  291.4
  885.0   1164    8.0    0.7     60   4.55    180     12  291.1  304.5  291.9
  870.0   1305    7.2    4.5     83   6.08    195     14  291.7  309.4  292.8
  862.0   1381    6.8    6.5     98   7.09    210     12  292.1  312.6  293.3
  859.0   1409    6.8    6.4     97   7.06    215     12  292.4  312.9  293.6
  850.0   1496    6.8    6.1     95   6.99    215     10  293.3  313.6  294.5
  824.0   1751    5.8    4.1     89   6.27    200     10  294.8  313.3  295.9
  816.0   1830    5.4    2.7     83   5.74    195     10  295.2  312.2  296.2
  708.0   2979   -0.3  -17.3     26   1.40    227      4  301.1  305.7  301.4
  700.0   3070   -1.1  -18.1     26   1.32    230      4  301.2  305.6  301.5
  642.0   3754   -4.9  -24.9     19   0.79    269      3  304.5  307.2  304.6
  634.0   3852   -5.3  -21.3     27   1.11    275      2  305.1  308.8  305.3
  629.0   3914   -5.9  -12.9     58   2.26    278      2  305.1  312.4  305.5
  620.0   4027   -6.6  -18.1     40   1.50    285      2  305.6  310.5  305.8
  611.0   4141   -7.3  -23.3     27   0.96    273      3  306.0  309.3  306.2
  581.0   4531  -10.1  -28.1     21   0.66    233      7  307.2  309.5  307.3
  565.0   4745  -11.3  -30.0     20   0.56    210     10  308.3  310.3  308.4
  559.0   4827  -11.7  -30.7     19   0.53    213      9  308.7  310.6  308.8
  542.0   5063  -13.5  -27.5     30   0.74    222      8  309.3  311.9  309.4
  538.0   5119  -14.1  -22.1     51   1.22    224      8  309.2  313.4  309.5
  525.0   5304  -15.5  -32.5     22   0.48    231      7  309.7  311.4  309.8
  521.0   5361  -16.1  -25.1     46   0.96    233      7  309.7  313.0  309.9
  500.0   5670  -17.5  -31.5     28   0.55    245      6  311.6  313.6  311.8
  444.0   6547  -23.1  -48.1      8   0.11    291      9  315.3  315.8  315.4
  440.0   6613  -23.6  -48.1      9   0.11    295     10  315.5  315.9  315.5
  407.0   7175  -28.3  -48.3     13   0.12    290     10  316.6  317.1  316.6
  400.0   7300  -29.3  -48.3     14   0.12    295     12  316.8  317.3  316.9
  377.0   7720  -32.5  -49.2     17   0.12    290     12  318.0  318.5  318.0
  370.0   7853  -33.5  -49.5     18   0.11    303     14  318.4  318.8  318.4
  362.0   8007  -34.5  -46.5     29   0.16    317     16  319.0  319.7  319.1
  350.0   8241  -35.8  -45.3     37   0.19    340     19  320.3  321.1  320.4
  339.0   8464  -37.1  -44.1     48   0.23    340     22  321.5  322.4  321.6
  304.0   9210  -42.3  -50.3     41   0.13    340     32  324.4  324.9  324.4
  300.0   9300  -42.9  -50.9     41   0.12    340     33  324.8  325.3  324.8
  250.0  10500  -53.5  -58.2     56   0.06    330     39  326.4  326.6  326.4
  238.0  10815  -55.9  -59.1     67   0.06    330     42  327.4  327.6  327.4
  237.0  10841  -56.1  -59.5     65   0.05    330     43  327.5  327.7  327.5
  231.0  11004  -57.3  -62.3     53   0.04    325     43  328.1  328.2  328.1
  222.0  11255  -57.5  -62.5     53   0.04    321     43  331.5  331.7  331.5
  219.0  11341  -56.0  -66.1     27   0.02    320     43  335.2  335.3  335.2
  215.0  11459  -53.9  -70.9     11   0.01    326     37  340.1  340.2  340.1
  209.0  11639  -55.2  -72.2     10   0.01    335     29  340.9  340.9  340.9
  204.0  11794  -56.3  -73.3     10   0.01    324     26  341.5  341.6  341.5
  200.0  11920  -55.1  -76.1      6   0.01    315     23  345.4  345.4  345.4
  197.0  12016  -54.1  -80.1      3   0.00    310     20  348.4  348.4  348.4
  194.0  12115  -53.4  -80.5      2   0.00    305     17  351.1  351.1  351.1
  182.0  12528  -50.5  -82.0      1   0.00    305     12  362.3  362.3  362.3
  179.0  12635  -49.8  -82.4      1   0.00    320     10  365.2  365.2  365.2
  178.0  12671  -49.5  -82.5      1   0.00    315      9  366.2  366.2  366.2
  177.0  12708  -49.5  -82.6      1   0.00    310      8  366.9  366.9  366.9
  174.0  12820  -49.4  -82.8      1   0.00    290     10  368.8  368.8  368.8
  169.0  13010  -49.2  -83.1      1   0.00    310     10  372.2  372.2  372.2
  165.0  13167  -49.1  -83.4      1   0.00    285     12  375.0  375.0  375.0
  150.0  13790  -48.5  -84.5      1   0.00    245      4  386.3  386.3  386.3
  138.0  14341  -47.2  -84.6      1   0.00    245      2  398.0  398.0  398.0
  126.0  14942  -45.7  -84.7      0   0.00    238      8  411.1  411.1  411.1
  122.0  15155  -46.0  -84.9      0   0.00    235     10  414.3  414.3  414.3
  118.0  15376  -46.4  -85.1      0   0.00    250     12  417.6  417.6  417.6
  100.0  16470  -48.1  -86.1      0   0.00    125      6  434.5  434.5  434.5
   95.0  16810  -47.4  -85.9      0   0.00    155      2  442.2  442.2  442.2
   84.0  17627  -45.9  -85.3      0   0.00    140     12  461.2  461.3  461.2
   82.0  17787  -45.5  -85.2      0   0.00    170     10  465.1  465.1  465.1
   79.2  18017  -45.1  -85.1      0   0.00    175     12  470.6  470.7  470.6
   79.0  18034  -45.1  -85.1      0   0.00    175     12  470.9  470.9  470.9
   76.0  18292  -45.5  -85.2      0   0.00    225     12  475.4  475.4  475.4
   70.0  18840  -46.3  -85.3      0   0.00    205     10  485.0  485.0  485.0
   68.0  19032  -46.5  -85.5      0   0.00    200     10  488.6  488.7  488.6
   63.0  19538  -46.9  -85.9      0   0.00    230     16  498.5  498.5  498.5
   62.0  19644  -47.0  -86.0      0   0.00    235     10  500.6  500.6  500.6
   60.7  19785  -47.1  -86.1      0   0.00    200     10  503.3  503.4  503.4
   57.0  20201  -46.8  -85.8      0   0.00     95     10  513.2  513.2  513.2
   50.0  21070  -46.1  -85.1      0   0.01    125      8  534.4  534.4  534.4
   48.0  21343  -45.7  -84.9      0   0.01    115      2  541.7  541.7  541.7
   43.1  22062  -44.5  -84.5      0   0.01    127      4  561.5  561.5  561.5
   42.0  22235  -44.6  -84.6      0   0.01    130      4  565.3  565.3  565.3
   40.0  22560  -44.9  -84.7      0   0.01    125     10  572.5  572.6  572.5
   39.0  22729  -45.1  -84.8      0   0.01    145     14  576.3  576.4  576.3
   38.0  22903  -45.2  -84.9      0   0.01    195     14  580.2  580.3  580.2
   34.0  23645  -45.9  -85.2      0   0.01    170     10  597.3  597.3  597.3
   33.0  23844  -46.0  -85.3      0   0.01    255      2  601.9  602.0  601.9
   30.4  24392  -46.5  -85.5      0   0.01    126      5  614.9  615.0  614.9
   30.0  24480  -46.3  -85.3      0   0.01    105      6  617.8  617.9  617.8
   21.6  26680  -41.5  -82.5      0   0.02    150      9  693.0  693.2  693.0
   20.0  27200  -42.1  -83.1      0   0.02    160     10  706.5  706.7  706.5
   17.2  28215  -44.1  -84.1      0   0.02    290      3  731.2  731.5  731.3
   17.0  28295  -43.8  -83.9      0   0.02    300      2  734.6  734.9  734.6
   16.0  28709  -42.3  -82.9      0   0.03     95     10  752.4  752.7  752.4
   14.0  29620  -38.9  -80.8      0   0.04     80     10  793.0  793.5  793.0
   13.0  30126  -37.1  -79.6      0   0.05    110     19  816.4  817.1  816.4
   12.3  30504  -35.7  -78.7      0   0.07     89     13  834.3  835.1  834.3
   12.0  30675  -35.8  -78.8      0   0.07     80     10  839.9  840.7  839.9
   11.0  31279  -36.1  -79.1      0   0.07    130      4  859.8  860.7  859.8
   10.0  31940  -36.5  -79.5      0   0.07    220     19  882.1  883.1  882.2
    9.9  32010  -36.7  -78.7      1   0.08    208     19  883.9  885.0  884.0
    9.0  32680  -34.2  -77.1      1   0.12     95     10  917.9  919.5  918.0
    8.0  33510  -31.1  -75.2      1   0.18     75      2  961.6  964.1  961.8
    7.3  34154  -28.7  -73.7      0   0.24     85      7  996.9 1000.5  997.1
