#10410 EDZE Essen Observations at 00Z 01 Aug 2020
#-----------------------------------------------------------------------------
#   PRES   HGHT   TEMP   DWPT   RELH   MIXR   DRCT   SKNT   THTA   THTE   THTV
#    hPa     m      C      C      %    g/kg    deg   knot     K      K      K 
#-----------------------------------------------------------------------------
  996.0    147   22.0   14.0     60  10.18    100      6  295.5  325.1  297.3
  994.0    165   24.8   12.8     47   9.42    110      7  298.5  326.3  300.2
  988.0    218   26.2   11.2     39   8.52    140     12  300.4  325.8  301.9
  982.0    272   27.6    9.6     32   7.69    146     16  302.3  325.6  303.7
  967.0    409   29.4    8.4     27   7.20    161     26  305.5  327.6  306.8
  963.0    446   29.1    8.3     27   7.17    165     29  305.5  327.5  306.9
  925.0    804   26.2    7.2     30   6.93    180     23  306.1  327.4  307.4
  850.0   1542   20.8    4.8     35   6.38    240     14  307.9  327.8  309.1
  847.0   1572   20.5    4.7     35   6.35    240     14  307.9  327.7  309.1
  813.0   1921   17.4    3.3     39   5.98    240     16  308.3  327.0  309.4
  761.0   2483   12.4    1.0     46   5.42    280     10  308.7  325.8  309.7
  753.0   2573   11.6    0.6     47   5.34    268      8  308.8  325.6  309.8
  745.0   2662   11.4   -5.8     29   3.35    255      6  309.5  320.4  310.2
  744.0   2673   11.4   -6.6     28   3.15    255      6  309.6  319.9  310.2
  738.0   2741   11.0    0.0     47   5.21    257      6  309.9  326.4  310.9
  700.0   3180    8.4   -4.6     39   3.90    265     10  311.8  324.4  312.5
  601.0   4417    0.5  -24.4     14   0.89    240     14  316.5  319.7  316.7
  600.0   4431    0.4  -24.6     13   0.87    240     14  316.5  319.7  316.7
  544.0   5199   -5.0  -29.5     13   0.61    250     17  319.1  321.3  319.2
  521.0   5537   -7.4  -31.6     12   0.52    245     12  320.1  322.1  320.2
  500.0   5860   -9.7  -33.7     12   0.45    255     12  321.1  322.8  321.2
  487.0   6060  -11.3  -33.6     14   0.46    265     14  321.7  323.4  321.8
  472.0   6298  -13.1  -33.5     16   0.48    245     10  322.2  324.1  322.3
  441.0   6814  -17.1  -33.2     24   0.53    240      4  323.5  325.5  323.6
  434.0   6935  -18.1  -33.1     26   0.55    242      6  323.7  325.8  323.9
  410.0   7358  -21.3  -36.3     25   0.42    251     13  324.9  326.5  325.0
  400.0   7540  -21.7  -45.7     10   0.16    255     16  326.7  327.4  326.7
  395.0   7633  -21.3  -50.3      5   0.10    255     17  328.4  328.8  328.4
  390.0   7726  -22.1  -46.6      9   0.15    255     17  328.6  329.2  328.6
  386.0   7802  -22.7  -43.7     13   0.21    259     17  328.7  329.6  328.8
  380.0   7916  -23.7  -37.4     27   0.41    265     17  328.9  330.4  328.9
  372.0   8071  -25.1  -28.8     71   0.96    257     17  329.0  332.6  329.2
  369.0   8130  -25.3  -40.3     23   0.31    254     16  329.5  330.8  329.6
  364.0   8229  -25.7  -49.7      9   0.11    248     16  330.3  330.8  330.3
  362.0   8269  -26.1  -37.1     35   0.44    246     16  330.3  332.0  330.4
  361.0   8289  -26.2  -40.7     24   0.30    245     16  330.4  331.6  330.5
  360.0   8309  -26.3  -44.3     17   0.21    245     16  330.5  331.4  330.6
  355.0   8410  -27.1  -33.1     57   0.67    247     16  330.8  333.3  330.9
  341.0   8699  -28.9  -35.9     51   0.53    253     17  332.1  334.2  332.3
  323.0   9081  -32.1  -41.2     40   0.32    260     17  332.9  334.2  333.0
  308.0   9417  -34.9  -45.9     32   0.20    260     15  333.6  334.4  333.6
  300.0   9600  -36.5  -44.5     43   0.24    260     14  333.8  334.8  333.9
  287.0   9902  -39.2  -46.1     48   0.21    250     17  334.1  335.0  334.2
  260.0  10576  -45.3  -49.7     61   0.16    260     19  334.8  335.4  334.8
  256.0  10682  -46.3  -50.3     64   0.15    252     19  334.8  335.4  334.9
  251.0  10813  -47.1  -55.1     39   0.09    242     19  335.5  335.9  335.5
  250.0  10840  -47.1  -55.1     39   0.09    240     19  335.9  336.3  335.9
  241.0  11081  -48.9  -59.9     27   0.05    230     22  336.7  337.0  336.8
  233.0  11301  -49.3  -64.7     15   0.03    220     25  339.4  339.5  339.4
  230.0  11386  -49.5  -66.5     12   0.02    225     25  340.4  340.5  340.4
  207.0  12067  -52.1  -70.6      9   0.01    270     23  346.7  346.8  346.7
  200.0  12290  -52.9  -71.9      8   0.01    270     23  348.8  348.9  348.8
  185.0  12784  -55.0  -73.4      8   0.01    265     25  353.2  353.3  353.2
  157.0  13824  -59.5  -76.6      9   0.01    280     31  362.6  362.6  362.6
  156.0  13865  -59.7  -76.7      9   0.01    280     29  362.9  363.0  362.9
  150.0  14110  -59.1  -78.1      7   0.01    295     21  368.1  368.1  368.1
  146.0  14280  -58.6  -78.8      6   0.01    305     19  371.7  371.7  371.7
  143.0  14411  -58.3  -79.3      5   0.01    300     17  374.5  374.6  374.5
  136.0  14728  -57.5  -80.6      4   0.00    270     29  381.4  381.4  381.4
  131.0  14964  -56.8  -81.5      3   0.00    285     33  386.6  386.7  386.6
  130.0  15012  -56.7  -81.7      3   0.00    287     32  387.7  387.7  387.7
  126.0  15210  -56.9  -82.2      3   0.00    295     29  390.9  390.9  390.9
  112.0  15954  -57.6  -84.3      2   0.00    265     23  402.9  402.9  402.9
  100.0  16670  -58.3  -86.3      2   0.00    270     27  414.8  414.8  414.8
   92.0  17194  -58.7  -86.7      2   0.00    270     27  424.0  424.0  424.0
   89.0  17402  -58.9  -86.9      2   0.00    300     17  427.7  427.7  427.7
   85.0  17691  -59.1  -87.1      2   0.00    280     17  432.8  432.9  432.8
   80.0  18071  -59.4  -87.4      2   0.00    285     16  439.8  439.8  439.8
   79.1  18142  -59.5  -87.5      2   0.00    276     16  441.1  441.1  441.1
   78.0  18230  -59.4  -87.5      1   0.00    265     16  443.1  443.1  443.1
   70.0  18910  -58.3  -87.3      1   0.00    325     14  459.3  459.3  459.3
   66.0  19284  -57.7  -87.1      1   0.00    295     10  468.4  468.4  468.4
   64.0  19480  -57.4  -86.9      1   0.00    350     10  473.2  473.2  473.2
   60.0  19890  -56.7  -86.7      1   0.00    300     10  483.5  483.5  483.5
   59.0  19997  -56.6  -86.6      1   0.00    325     12  486.2  486.2  486.2
   58.0  20106  -56.4  -86.5      1   0.00    345     10  488.9  489.0  488.9
   56.0  20329  -56.0  -86.4      1   0.00      0      0  494.7  494.7  494.7
   50.0  21050  -54.9  -85.9      1   0.00    135      8  513.7  513.7  513.7
   45.0  21725  -54.5  -85.5      1   0.01     35     10  530.3  530.4  530.3
   43.0  22016  -54.3  -85.3      1   0.01     80     17  537.7  537.8  537.7
   42.0  22167  -54.2  -85.2      1   0.01     75     14  541.5  541.6  541.6
   41.0  22321  -54.1  -85.1      1   0.01     50     10  545.5  545.6  545.5
   40.6  22384  -54.1  -85.1      1   0.01     56     11  547.1  547.2  547.1
   40.0  22481  -53.8  -85.0      1   0.01     65     14  550.2  550.2  550.2
   39.0  22645  -53.4  -84.8      1   0.01     40     16  555.4  555.4  555.4
   38.0  22814  -52.9  -84.5      1   0.01     45     19  560.7  560.8  560.7
   37.0  22987  -52.4  -84.3      1   0.01     95     10  566.3  566.4  566.3
   36.0  23165  -51.9  -84.1      1   0.01     80      8  572.0  572.1  572.0
   35.0  23348  -51.4  -83.8      1   0.01     45     12  578.0  578.1  578.0
   33.0  23731  -50.3  -83.3      1   0.01     75     14  590.7  590.8  590.7
   32.0  23931  -49.7  -83.0      1   0.01     65     17  597.4  597.5  597.4
   31.0  24137  -49.1  -82.8      1   0.01     85     25  604.5  604.6  604.5
   30.0  24350  -48.5  -82.5      1   0.01     85     21  611.8  612.0  611.8
   27.0  25043  -47.6  -82.3      1   0.02    130     16  633.1  633.3  633.1
   26.2  25241  -47.3  -82.3      1   0.02    138     16  639.3  639.5  639.4
   26.0  25292  -47.4  -82.3      1   0.02    140     16  640.5  640.7  640.5
   25.0  25550  -47.7  -82.4      1   0.02    175     12  646.7  646.9  646.7
   23.0  26099  -48.5  -82.5      1   0.02      0      0  660.1  660.3  660.1
   22.0  26392  -47.9  -82.5      1   0.02     40     10  670.4  670.6  670.4
   20.0  27020  -46.5  -82.5      1   0.02     65     12  693.1  693.3  693.1
   18.0  27734  -45.1  -81.9      1   0.03     70     21  718.7  719.0  718.7
   16.0  28533  -43.5  -81.2      1   0.03     80     27  748.4  748.7  748.4
   15.0  28971  -42.7  -80.8      1   0.04     85     21  765.1  765.6  765.1
   14.0  29438  -41.8  -80.3      1   0.05    105     19  783.5  784.0  783.5
   13.0  29941  -40.8  -79.9      1   0.05     85     12  803.6  804.2  803.6
   12.0  30484  -39.7  -79.4      1   0.06     65     14  826.0  826.7  826.0
   11.0  31074  -38.6  -78.9      1   0.07    100     25  851.0  851.9  851.0
   10.0  31720  -37.3  -78.3      1   0.09    115      8  879.1  880.3  879.2
    9.0  32453  -36.0  -77.8      1   0.11     75     27  910.8  912.2  910.9
    8.0  33272  -34.7  -77.2      1   0.13     80     29  947.5  949.3  947.6
    7.5  33721  -33.9  -76.9      1   0.15     87     24  968.2  970.3  968.3
    7.3  33910  -34.1  -77.1      0   0.14     90     22  974.9  977.0  975.0
