# 01004 ENAS Ny-Alesund Ii Observations at 12Z 14 Oct 2019
p [hPa],z [m],T [C],T_dew [C],RH [%],r [g/kg],wdir [deg],SKNT [knot],THTA [K],THTE [K],THTV [K]
1017.0,8,-3.7,-8.4,70,2.0,160.0,4.0,268.2,273.7,268.5
1005.0,108,-4.0,-8.3,72,2.05,105.0,10.0,268.8,274.5,269.1
1000.0,150,-4.1,-8.2,73,2.07,100.0,12.0,269.1,274.8,269.4
991.0,221,-4.2,-8.3,73,2.07,90.0,10.0,269.6,275.4,270.0
969.0,398,-4.5,-8.5,74,2.09,144.0,10.0,271.1,276.9,271.4
933.0,694,-6.8,-9.4,82,2.02,235.0,10.0,271.7,277.4,272.0
925.0,761,-7.3,-9.6,84,2.0,230.0,10.0,271.8,277.5,272.2
890.0,1059,-9.8,-11.1,91,1.85,240.0,10.0,272.2,277.5,272.5
876.0,1181,-10.9,-11.7,94,1.79,260.0,14.0,272.4,277.5,272.6
857.0,1351,-12.4,-12.6,98,1.71,245.0,14.0,272.6,277.4,272.8
850.0,1414,-12.9,-12.9,100,1.68,230.0,14.0,272.6,277.4,272.9
847.0,1441,-13.1,-13.3,98,1.63,224.0,14.0,272.7,277.4,272.9
843.0,1477,-12.0,-16.0,72,1.3,215.0,16.0,274.2,278.1,274.5
840.0,1505,-11.1,-18.1,56,1.1,215.0,16.0,275.4,278.7,275.6
824.0,1653,-10.1,-23.1,34,0.73,217.0,18.0,278.0,280.3,278.1
814.0,1747,-10.3,-23.3,34,0.72,218.0,20.0,278.8,281.0,278.9
809.0,1794,-9.9,-16.9,57,1.27,218.0,21.0,279.7,283.5,279.9
797.0,1910,-8.9,-27.9,20,0.49,220.0,23.0,281.9,283.5,282.0
793.0,1949,-9.0,-29.9,17,0.41,220.0,23.0,282.2,283.5,282.3
786.0,2017,-9.3,-33.3,12,0.3,212.0,22.0,282.6,283.6,282.7
772.0,2156,-10.0,-28.6,20,0.47,195.0,19.0,283.4,284.9,283.5
745.0,2430,-11.3,-19.3,52,1.12,201.0,16.0,284.8,288.3,285.0
730.0,2586,-12.2,-22.3,43,0.88,205.0,14.0,285.6,288.3,285.7
724.0,2649,-12.5,-23.5,39,0.8,200.0,14.0,285.9,288.4,286.0
712.0,2777,-12.2,-26.3,30,0.63,190.0,16.0,287.6,289.6,287.7
701.0,2896,-11.9,-28.9,23,0.5,195.0,16.0,289.2,290.8,289.2
700.0,2907,-11.9,-28.9,23,0.5,195.0,16.0,289.3,290.9,289.4
652.0,3443,-15.1,-35.4,16,0.29,235.0,16.0,291.6,292.6,291.7
630.0,3702,-16.6,-38.5,13,0.22,205.0,14.0,292.7,293.5,292.8
629.0,3714,-16.7,-38.7,13,0.22,205.0,14.0,292.8,293.5,292.8
592.0,4164,-20.5,-33.5,30,0.38,213.0,14.0,293.5,294.8,293.5
583.0,4276,-21.1,-35.2,27,0.33,215.0,14.0,294.0,295.2,294.1
570.0,4441,-22.1,-37.8,23,0.26,200.0,12.0,294.8,295.8,294.9
556.0,4623,-23.1,-40.6,18,0.2,225.0,14.0,295.7,296.4,295.8
545.0,4770,-23.9,-42.9,16,0.16,227.0,12.0,296.4,297.0,296.5
513.0,5205,-27.3,-44.9,17,0.14,235.0,6.0,297.5,298.1,297.6
500.0,5390,-28.7,-45.7,18,0.13,240.0,8.0,298.0,298.5,298.0
494.0,5476,-29.4,-46.5,17,0.12,245.0,10.0,298.2,298.6,298.2
480.0,5680,-31.0,-48.6,16,0.1,265.0,10.0,298.7,299.1,298.7
467.0,5876,-32.5,-50.5,15,0.08,246.0,10.0,299.1,299.4,299.1
447.0,6181,-34.7,-51.9,16,0.07,215.0,10.0,300.1,300.4,300.1
420.0,6616,-37.9,-53.9,17,0.06,209.0,9.0,301.4,301.6,301.4
400.0,6950,-40.7,-46.7,52,0.14,205.0,8.0,302.0,302.6,302.0
393.0,7070,-41.5,-45.7,64,0.16,200.0,9.0,302.5,303.1,302.5
374.0,7403,-44.6,-51.0,49,0.09,185.0,14.0,302.6,303.0,302.7
369.0,7493,-45.5,-52.5,45,0.08,188.0,14.0,302.7,303.0,302.7
339.0,8052,-50.3,-53.4,70,0.08,206.0,14.0,303.6,303.9,303.6
333.0,8167,-51.0,-54.3,68,0.07,210.0,14.0,304.1,304.4,304.1
300.0,8840,-55.3,-59.4,60,0.04,210.0,14.0,307.3,307.5,307.3
287.0,9117,-57.1,-61.3,59,0.03,220.0,16.0,308.6,308.8,308.6
250.0,9980,-62.7,-67.2,54,0.02,215.0,21.0,312.7,312.8,312.7
245.0,10104,-63.4,-67.6,56,0.02,210.0,21.0,313.6,313.6,313.6
232.0,10438,-65.1,-68.6,62,0.02,220.0,17.0,315.8,315.9,315.8
219.0,10790,-64.9,-67.8,67,0.02,211.0,16.0,321.4,321.5,321.4
217.0,10846,-64.3,-70.9,40,0.01,210.0,16.0,323.2,323.2,323.2
213.0,10960,-63.0,-77.1,13,0.0,230.0,14.0,326.9,326.9,326.9
212.0,10989,-62.7,-78.7,10,0.0,226.0,13.0,327.8,327.8,327.8
209.0,11077,-62.3,-81.3,6,0.0,215.0,10.0,329.7,329.7,329.7
207.0,11137,-62.1,-83.1,4,0.0,222.0,9.0,331.0,331.0,331.0
202.0,11288,-61.2,-81.5,5,0.0,240.0,6.0,334.7,334.7,334.7
200.0,11350,-60.9,-80.9,6,0.0,230.0,6.0,336.2,336.2,336.2
198.0,11413,-60.6,-81.2,5,0.0,230.0,10.0,337.6,337.6,337.6
187.0,11772,-58.8,-83.2,3,0.0,275.0,10.0,346.1,346.1,346.1
177.0,12118,-57.1,-85.1,2,0.0,257.0,10.0,354.3,354.4,354.3
173.0,12263,-57.0,-85.4,2,0.0,250.0,10.0,356.9,356.9,356.9
155.0,12962,-56.3,-86.7,1,0.0,295.0,12.0,369.4,369.4,369.4
150.0,13170,-56.1,-87.1,1,0.0,265.0,8.0,373.2,373.2,373.2
148.0,13255,-56.0,-87.3,1,0.0,235.0,10.0,374.9,374.9,374.9
139.0,13654,-55.5,-88.2,1,0.0,250.0,12.0,382.6,382.6,382.6
134.0,13887,-55.1,-88.8,1,0.0,280.0,19.0,387.1,387.1,387.1
126.0,14279,-54.6,-89.7,1,0.0,255.0,14.0,394.9,394.9,394.9
121.0,14536,-54.3,-90.3,0,0.0,260.0,17.0,400.1,400.1,400.1
117.0,14750,-54.5,-90.5,0,0.0,265.0,19.0,403.5,403.6,403.5
113.0,14972,-54.8,-90.8,0,0.0,280.0,14.0,407.1,407.1,407.1
106.0,15379,-55.3,-91.3,0,0.0,265.0,14.0,413.7,413.7,413.7
103.0,15562,-55.5,-91.5,0,0.0,280.0,16.0,416.7,416.7,416.7
100.0,15750,-55.7,-91.7,0,0.0,250.0,10.0,419.8,419.8,419.8
95.0,16076,-55.9,-91.9,0,0.0,245.0,21.0,425.6,425.6,425.6
94.0,16144,-56.0,-92.0,0,0.0,250.0,21.0,426.8,426.8,426.8
87.0,16636,-56.3,-92.3,0,0.0,280.0,17.0,435.6,435.6,435.6
85.0,16784,-56.4,-92.4,0,0.0,265.0,12.0,438.3,438.3,438.3
81.0,17091,-56.6,-92.7,0,0.0,250.0,17.0,443.9,443.9,443.9
76.0,17497,-56.9,-92.9,0,0.0,275.0,16.0,451.5,451.5,451.5
73.0,17753,-57.1,-93.1,0,0.0,240.0,14.0,456.4,456.4,456.4
70.0,18020,-57.3,-93.3,0,0.0,260.0,21.0,461.4,461.5,461.4
69.0,18110,-57.5,-93.3,0,0.0,270.0,17.0,463.0,463.0,463.0
65.0,18485,-58.1,-93.4,0,0.0,245.0,16.0,469.6,469.6,469.6
58.0,19199,-59.3,-93.6,0,0.0,245.0,21.0,482.4,482.4,482.4
54.0,19647,-60.1,-93.8,1,0.0,265.0,17.0,490.6,490.6,490.6
51.0,20006,-60.7,-93.9,1,0.0,255.0,17.0,497.2,497.2,497.2
50.0,20130,-60.9,-93.9,1,0.0,260.0,16.0,499.5,499.6,499.5
49.0,20254,-61.1,-93.9,1,0.0,270.0,14.0,502.0,502.0,502.0
47.0,20510,-61.5,-94.0,1,0.0,250.0,16.0,507.1,507.1,507.1
45.0,20778,-61.9,-94.0,1,0.0,270.0,23.0,512.5,512.5,512.5
44.0,20916,-62.0,-94.0,1,0.0,280.0,19.0,515.3,515.3,515.3
43.0,21057,-62.3,-94.1,1,0.0,280.0,12.0,518.2,518.2,518.2
41.0,21350,-62.7,-94.1,1,0.0,280.0,25.0,524.2,524.2,524.2
39.0,21657,-63.1,-94.2,1,0.0,280.0,17.0,530.6,530.6,530.6
38.0,21817,-63.4,-94.2,1,0.0,245.0,16.0,534.0,534.0,534.0
35.0,22322,-64.1,-94.3,1,0.0,275.0,19.0,544.8,544.8,544.8
34.0,22501,-64.4,-94.3,1,0.0,250.0,16.0,548.6,548.6,548.6
33.0,22684,-64.6,-94.4,1,0.0,265.0,17.0,552.6,552.6,552.6
31.0,23068,-65.2,-94.5,1,0.0,255.0,12.0,561.0,561.0,561.0
30.0,23270,-65.5,-94.5,1,0.0,250.0,17.0,565.5,565.5,565.5
27.0,23908,-66.4,-94.8,1,0.0,275.0,16.0,580.2,580.2,580.2
25.6,24231,-66.9,-94.9,1,0.0,251.0,17.0,587.7,587.8,587.7
25.0,24374,-66.9,-94.9,1,0.0,240.0,17.0,591.6,591.6,591.6
24.0,24620,-67.0,-95.0,1,0.0,245.0,19.0,598.4,598.4,598.4
23.0,24877,-67.1,-95.1,1,0.0,235.0,25.0,605.5,605.5,605.5
21.0,25426,-67.2,-95.2,1,0.0,265.0,23.0,621.0,621.0,621.0
20.0,25720,-67.3,-95.3,1,0.0,255.0,27.0,629.5,629.5,629.5
19.0,26029,-67.5,-95.5,1,0.0,260.0,31.0,638.1,638.2,638.1
18.0,26354,-67.7,-95.7,1,0.0,260.0,19.0,647.4,647.4,647.4
17.0,26697,-67.9,-95.9,1,0.0,270.0,39.0,657.3,657.4,657.3
16.0,27062,-68.2,-96.2,1,0.0,270.0,25.0,668.0,668.1,668.0
15.0,27450,-68.4,-96.4,1,0.0,250.0,23.0,679.6,679.7,679.6
14.0,27865,-68.7,-96.7,1,0.0,230.0,27.0,692.2,692.3,692.2
13.0,28311,-68.3,-96.8,1,0.0,255.0,25.0,708.3,708.3,708.3
12.0,28793,-68.0,-96.9,1,0.0,240.0,19.0,726.0,726.0,726.0
11.0,29316,-67.5,-97.0,1,0.0,250.0,47.0,745.8,745.8,745.8
10.0,29890,-67.1,-97.1,1,0.0,265.0,43.0,768.1,768.1,768.1
9.0,30524,-67.6,-97.6,1,0.0,280.0,31.0,789.7,789.7,789.7
8.4,30940,-67.9,-97.9,1,0.0,277.0,31.0,804.2,804.2,804.2
8.0,31238,-67.2,-97.6,1,0.0,275.0,31.0,818.1,818.1,818.1
7.0,32054,-65.4,-96.8,1,0.0,245.0,31.0,857.3,857.4,857.3
6.0,32996,-63.4,-96.0,1,0.01,255.0,45.0,904.9,905.0,904.9
5.0,34110,-60.9,-94.9,0,0.01,,,964.5,964.6,964.5
