# 10410 EDZE Essen Observations at 12Z 27 Apr 2019
p [hPa],z [m],T [C],T_dew [C],RH [%],r [g/kg],wdir [deg],SKNT [knot],THTA [K],THTE [K],THTV [K]
1000.0,96.0,,,,,,,,,
994.0,147.0,8.4,7.0,91.0,6.36,200.0,4.0,282.0,299.7,283.1
980.0,263.0,7.3,6.1,92.0,6.06,240.0,12.0,282.1,299.0,283.1
925.0,736.0,3.0,2.5,97.0,4.98,250.0,21.0,282.4,296.4,283.2
903.0,930.0,1.7,1.4,98.0,4.72,260.0,21.0,283.0,296.4,283.8
878.0,1156.0,0.2,0.1,100.0,4.43,255.0,27.0,283.7,296.3,284.4
875.0,1183.0,0.0,0.0,100.0,4.39,253.0,27.0,283.8,296.3,284.5
850.0,1415.0,-0.7,-0.7,100.0,4.3,240.0,21.0,285.4,297.8,286.1
828.0,1624.0,-1.4,-1.4,100.0,4.19,215.0,23.0,286.8,299.0,287.6
812.0,1780.0,-1.9,-1.9,100.0,4.12,210.0,23.0,287.9,299.9,288.6
780.0,2097.0,-3.7,-4.0,98.0,3.67,200.0,23.0,289.2,300.1,289.9
703.0,2915.0,-8.5,-9.3,94.0,2.7,205.0,33.0,292.7,300.9,293.2
700.0,2948.0,-8.5,-10.3,87.0,2.51,205.0,33.0,293.0,300.7,293.5
649.0,3530.0,-12.7,-22.7,43.0,0.96,201.0,35.0,294.7,297.8,294.9
634.0,3708.0,-13.8,-18.1,70.0,1.45,200.0,35.0,295.4,300.1,295.7
630.0,3756.0,-14.1,-16.9,79.0,1.62,203.0,34.0,295.6,300.8,295.9
626.0,3805.0,-14.3,-22.3,51.0,1.03,206.0,33.0,295.9,299.3,296.1
614.0,3950.0,-15.4,-21.2,61.0,1.15,215.0,31.0,296.3,300.1,296.5
589.0,4264.0,-17.7,-18.8,91.0,1.48,203.0,33.0,297.2,301.9,297.4
587.0,4289.0,-17.9,-19.7,86.0,1.37,202.0,34.0,297.2,301.6,297.5
585.0,4314.0,-18.1,-31.1,31.0,0.49,201.0,34.0,297.3,298.9,297.4
581.0,4366.0,-18.3,-41.3,11.0,0.18,199.0,34.0,297.6,298.3,297.6
573.0,4469.0,-18.9,-39.2,15.0,0.22,195.0,35.0,298.1,298.9,298.1
552.0,4746.0,-20.5,-33.5,30.0,0.41,192.0,36.0,299.4,300.8,299.5
500.0,5470.0,-26.1,-34.1,47.0,0.43,185.0,39.0,301.2,302.7,301.2
485.0,5690.0,-27.7,-34.7,51.0,0.42,185.0,39.0,301.8,303.3,301.9
448.0,6258.0,-31.9,-39.9,45.0,0.27,185.0,41.0,303.5,304.4,303.5
400.0,7050.0,-38.5,-41.1,76.0,0.26,185.0,43.0,304.9,305.8,304.9
396.0,7119.0,-39.1,-40.9,83.0,0.27,183.0,43.0,305.0,306.0,305.0
392.0,7188.0,-39.5,-41.6,80.0,0.26,180.0,42.0,305.3,306.3,305.4
346.0,8022.0,-44.6,-55.0,30.0,0.06,150.0,41.0,309.5,309.8,309.5
324.0,8461.0,-47.3,-62.0,17.0,0.03,155.0,47.0,311.7,311.8,311.7
313.0,8692.0,-48.7,-65.7,12.0,0.02,160.0,41.0,312.8,312.9,312.8
308.0,8797.0,-48.5,-65.5,12.0,0.02,155.0,43.0,314.6,314.6,314.6
300.0,8970.0,-48.1,-65.1,12.0,0.02,165.0,45.0,317.4,317.5,317.4
292.0,9148.0,-49.1,-66.1,12.0,0.02,178.0,46.0,318.5,318.6,318.5
291.0,9171.0,-48.8,-66.4,11.0,0.02,180.0,47.0,319.2,319.3,319.2
279.0,9451.0,-45.2,-70.3,4.0,0.01,205.0,31.0,328.2,328.3,328.2
276.0,9522.0,-44.3,-71.3,3.0,0.01,204.0,26.0,330.6,330.6,330.6
269.0,9693.0,-45.5,-71.4,4.0,0.01,200.0,16.0,331.3,331.3,331.3
258.0,9971.0,-47.4,-71.5,5.0,0.01,175.0,19.0,332.4,332.5,332.4
252.0,10127.0,-48.5,-71.5,5.0,0.01,186.0,22.0,333.1,333.1,333.1
250.0,10180.0,-47.9,-71.9,5.0,0.01,190.0,23.0,334.7,334.8,334.7
242.0,10395.0,-47.1,-72.3,4.0,0.01,200.0,27.0,339.0,339.1,339.0
227.0,10819.0,-45.6,-73.2,3.0,0.01,205.0,19.0,347.6,347.7,347.6
219.0,11056.0,-44.7,-73.7,2.0,0.01,227.0,19.0,352.6,352.6,352.6
216.0,11148.0,-44.8,-73.8,2.0,0.01,235.0,19.0,353.8,353.8,353.8
200.0,11660.0,-45.5,-74.5,2.0,0.01,210.0,16.0,360.6,360.6,360.6
198.0,11727.0,-45.5,-74.5,2.0,0.01,210.0,16.0,361.6,361.6,361.6
188.0,12073.0,-45.6,-74.7,2.0,0.01,225.0,14.0,366.7,366.8,366.7
163.0,13026.0,-46.0,-75.0,2.0,0.01,215.0,14.0,381.4,381.5,381.4
159.0,13192.0,-46.1,-75.1,2.0,0.01,235.0,10.0,384.0,384.1,384.0
157.0,13277.0,-46.1,-75.1,2.0,0.01,235.0,9.0,385.4,385.4,385.4
150.0,13580.0,-47.3,-76.3,2.0,0.01,235.0,8.0,388.4,388.4,388.4
140.0,14026.0,-48.8,-77.6,2.0,0.01,195.0,2.0,393.5,393.6,393.5
117.0,15187.0,-52.6,-80.9,2.0,0.0,175.0,12.0,407.2,407.2,407.2
109.0,15645.0,-54.1,-82.3,2.0,0.0,245.0,19.0,412.6,412.7,412.7
107.0,15765.0,-54.5,-82.6,2.0,0.0,255.0,23.0,414.1,414.1,414.1
103.0,16011.0,-55.3,-83.3,2.0,0.0,270.0,14.0,417.1,417.1,417.1
102.0,16074.0,-55.5,-83.5,2.0,0.0,290.0,8.0,417.9,417.9,417.9
100.0,16200.0,-55.3,-83.3,2.0,0.0,335.0,4.0,420.6,420.6,420.6
91.0,16800.0,-55.9,-83.9,2.0,0.0,250.0,10.0,430.9,431.0,430.9
89.0,16942.0,-56.0,-84.0,2.0,0.0,245.0,10.0,433.4,433.4,433.4
82.0,17463.0,-56.5,-84.5,2.0,0.0,280.0,10.0,442.6,442.7,442.6
81.0,17541.0,-56.6,-84.6,2.0,0.0,260.0,16.0,444.0,444.1,444.0
75.0,18031.0,-57.1,-85.1,2.0,0.0,320.0,10.0,452.9,452.9,452.9
72.0,18291.0,-57.3,-85.3,2.0,0.0,305.0,17.0,457.7,457.7,457.7
70.0,18470.0,-57.5,-85.5,2.0,0.0,305.0,12.0,461.0,461.1,461.0
64.0,19032.0,-58.2,-85.9,2.0,0.0,290.0,10.0,471.3,471.4,471.3
62.0,19231.0,-58.5,-86.0,2.0,0.0,295.0,10.0,475.0,475.1,475.0
59.0,19543.0,-58.9,-86.3,2.0,0.0,325.0,14.0,480.9,480.9,480.9
58.0,19650.0,-59.1,-86.4,2.0,0.0,325.0,10.0,482.9,482.9,482.9
56.0,19870.0,-59.4,-86.5,2.0,0.0,255.0,10.0,487.1,487.1,487.1
53.8,20121.0,-59.7,-86.7,2.0,0.0,296.0,13.0,492.0,492.0,492.0
52.0,20335.0,-59.1,-86.6,2.0,0.0,330.0,16.0,498.1,498.1,498.1
50.0,20580.0,-58.5,-86.5,2.0,0.0,340.0,12.0,505.2,505.2,505.2
49.0,20707.0,-58.5,-86.6,2.0,0.0,5.0,12.0,508.1,508.1,508.1
43.0,21528.0,-58.6,-86.9,1.0,0.0,305.0,6.0,527.1,527.2,527.1
42.0,21676.0,-58.6,-87.0,1.0,0.0,280.0,10.0,530.6,530.7,530.7
40.0,21982.0,-58.7,-87.1,1.0,0.01,310.0,16.0,538.0,538.0,538.0
35.0,22821.0,-58.8,-87.5,1.0,0.01,305.0,25.0,558.7,558.7,558.7
31.0,23584.0,-58.9,-87.8,1.0,0.01,340.0,12.0,578.1,578.2,578.1
30.0,23790.0,-58.9,-87.9,1.0,0.01,305.0,17.0,583.5,583.5,583.5
26.0,24691.0,-58.6,-88.1,1.0,0.01,315.0,31.0,608.7,608.7,608.7
25.0,24938.0,-58.5,-88.2,1.0,0.01,320.0,25.0,615.8,615.8,615.8
22.5,25602.0,-58.3,-88.3,1.0,0.01,299.0,28.0,635.2,635.3,635.2
22.0,25745.0,-57.7,-88.1,1.0,0.01,295.0,29.0,641.0,641.1,641.0
21.0,26040.0,-56.5,-87.7,1.0,0.01,325.0,27.0,653.2,653.3,653.2
20.0,26350.0,-55.3,-87.3,1.0,0.01,315.0,29.0,666.2,666.3,666.2
19.0,26680.0,-54.2,-86.7,1.0,0.01,315.0,25.0,679.5,679.6,679.5
18.0,27028.0,-53.0,-86.1,1.0,0.01,295.0,33.0,693.8,693.9,693.8
17.0,27396.0,-51.8,-85.4,1.0,0.02,300.0,41.0,709.2,709.4,709.2
16.5,27589.0,-51.1,-85.1,1.0,0.02,305.0,40.0,717.4,717.6,717.4
16.0,27788.0,-51.3,-85.3,1.0,0.02,310.0,39.0,723.0,723.2,723.0
15.1,28164.0,-51.7,-85.7,1.0,0.02,301.0,37.0,733.8,734.0,733.8
15.0,,,,,,300.0,37.0,,,
