# 01004 ENAS Ny-Alesund Ii Observations at 12Z 30 Jun 2019
Frequency [GHz],TB
175.31,264.060508378
175.322,264.076841858
175.337,264.097076666
175.352,264.117108086
175.367,264.136934915
175.382,264.156555953
175.397,264.17597
175.412,264.195175859
175.427,264.21417233
175.442,264.23295822
175.457,264.251532333
175.472,264.269893477
175.487,264.288040462
175.502,264.305972097
175.517,264.323687196
175.532,264.341184573
175.547,264.358463046
175.562,264.375521434
175.577,264.392358558
175.592,264.408973243
175.607,264.425364316
175.622,264.441530605
175.637,264.457470943
175.652,264.473184168
175.667,264.488669115
175.682,264.503924629
175.697,264.518949552
175.712,264.533742737
175.727,264.548303032
175.742,264.562629294
175.757,264.576720387
175.772,264.590575169
175.787,264.604192512
175.802,264.61757129
175.817,264.630710376
175.832,264.643608653
175.847,264.656265008
175.862,264.668678331
175.877,264.680847518
175.892,264.692771471
175.907,264.704449096
175.922,264.715879304
175.937,264.727061014
175.952,264.737993146
175.967,264.748674631
175.982,264.759104403
175.997,264.769281402
176.012,264.779204577
176.027,264.788872881
176.042,264.798285272
176.057,264.807440717
176.072,264.816338191
176.087,264.824976673
176.102,264.833355151
176.117,264.84147262
176.132,264.849328082
176.147,264.856920546
176.162,264.86424903
176.177,264.87131256
176.192,264.87811017
176.207,264.884640898
176.222,264.890903796
176.237,264.896897923
176.252,264.902622344
176.267,264.908076137
176.282,264.913258385
176.297,264.91816818
176.31,264.922202261
176.312,264.922804628
176.327,264.927166839
176.342,264.931253935
176.357,264.935065048
176.372,264.938599319
176.387,264.941855898
176.402,264.944833948
176.417,264.947532638
176.432,264.949951153
176.447,264.952088682
176.46,264.953713307
176.462,264.95394443
176.477,264.955517612
176.492,264.956807451
176.507,264.957813185
176.522,264.95853406
176.537,264.958969336
176.552,264.959118282
176.567,264.958980181
176.582,264.958554328
176.597,264.957840027
176.612,264.956836599
176.627,264.955543372
176.642,264.95395969
176.657,264.952084909
176.672,264.949918396
176.687,264.947459532
176.702,264.944707713
176.717,264.941662345
176.732,264.938322848
176.747,264.934688656
176.762,264.930759216
176.777,264.926533989
176.792,264.92201245
176.807,264.917194086
176.822,264.912078402
176.837,264.906664913
176.852,264.900953148
176.867,264.894942656
176.882,264.888632994
176.897,264.882023735
176.912,264.875114469
176.927,264.867904802
176.942,264.860394348
176.957,264.852582742
176.972,264.844469634
176.987,264.836054685
177.002,264.827337575
177.017,264.818317998
177.032,264.808995663
177.047,264.799370296
177.062,264.789441636
177.077,264.779209441
177.092,264.768673483
177.107,264.757833548
177.122,264.746689441
177.137,264.73524098
177.152,264.723488004
177.167,264.711430361
177.182,264.699067921
177.197,264.686400566
177.21,264.675175472
177.212,264.673428198
177.227,264.660150732
177.242,264.6465681
177.257,264.632680252
177.272,264.618487154
177.287,264.603988785
177.302,264.589185145
177.31,264.581165052
177.317,264.574076246
177.332,264.558662122
177.347,264.542942817
177.362,264.526918397
177.377,264.51058894
177.392,264.493954541
177.407,264.477015317
177.422,264.459771393
177.437,264.442222916
177.452,264.424370048
177.467,264.406212966
177.482,264.387751863
177.497,264.368986953
177.512,264.349918459
177.527,264.330546625
177.542,264.310871708
177.557,264.290893986
177.572,264.270613747
177.587,264.250031298
177.602,264.22914696
177.617,264.207961071
177.632,264.186473985
177.647,264.16468607
177.66,264.14556017
177.662,264.142597711
177.677,264.120209307
177.692,264.09752127
177.707,264.074534032
177.722,264.051248036
177.737,264.027663743
177.752,264.003781623
177.767,263.979602167
177.782,263.955125876
177.797,263.930353267
177.812,263.905284869
177.827,263.879921229
177.842,263.854262901
177.857,263.828310459
177.872,263.802064486
177.887,263.775525581
177.902,263.748694352
177.917,263.721571424
177.932,263.694157431
177.947,263.666453021
177.96,263.642208126
177.962,263.638458853
177.977,263.610175599
177.992,263.58160394
178.007,263.552744572
178.022,263.5235982
178.037,263.494165536
178.052,263.464447311
178.067,263.434444257
178.082,263.404157121
178.097,263.373586659
178.112,263.342733638
178.127,263.311598829
178.142,263.280183016
178.157,263.24848699
178.172,263.216511551
178.187,263.184257505
178.202,263.151725666
178.217,263.118916858
178.232,263.085831906
178.247,263.052471648
178.262,263.018836923
178.277,262.984928577
178.292,262.950747465
178.307,262.916294441
178.322,262.881570367
178.337,262.846576112
178.352,262.811312543
178.367,262.775780534
178.382,262.739980964
178.397,262.703914709
178.41,262.672442252
178.412,262.667582653
178.427,262.630985678
178.442,262.59412467
178.457,262.557000516
178.472,262.519614104
178.487,262.481966318
178.502,262.44405805
178.517,262.405890184
178.532,262.367463607
178.547,262.328779205
178.562,262.289837858
178.577,262.25064045
178.592,262.211187857
178.607,262.171480955
178.622,262.131520617
178.637,262.091307708
178.652,262.050843094
178.667,262.010127632
178.682,261.969162177
178.697,261.927947576
178.712,261.88648467
178.727,261.844774294
178.742,261.802817279
178.757,261.760614444
178.772,261.7181666
178.787,261.675474555
178.802,261.632539102
178.817,261.589361031
178.832,261.545941116
178.847,261.502280126
178.862,261.458378818
178.877,261.414237937
178.892,261.369858216
178.907,261.32524038
178.922,261.28038514
178.937,261.235293192
178.952,261.189965223
178.967,261.144401904
178.982,261.098603893
178.997,261.052571833
179.012,261.006306354
179.027,260.95980807
179.042,260.91307758
179.057,260.866115465
179.072,260.818922293
179.087,260.771498616
179.102,260.723844964
179.117,260.675961857
179.132,260.62784979
179.147,260.579509246
179.16,260.537429652
179.162,260.530940686
179.177,260.482144555
179.192,260.433121277
179.207,260.383871256
179.222,260.33439488
179.237,260.284692513
179.252,260.234764503
179.267,260.184611173
179.282,260.134232829
179.297,260.083629755
179.312,260.03280221
179.327,259.981750439
179.342,259.930474657
179.357,259.878975062
179.372,259.827251829
179.387,259.77530511
179.402,259.723135034
179.417,259.670741707
179.432,259.618125212
179.447,259.56528561
179.462,259.512222936
179.477,259.458937206
179.492,259.405428406
179.507,259.351696503
179.522,259.297741438
179.537,259.243563128
179.552,259.189161468
179.567,259.134536324
179.582,259.079687541
179.597,259.02461494
179.612,258.969318316
179.627,258.91379744
179.642,258.858052057
179.657,258.802081889
179.672,258.745886633
179.687,258.689465962
179.702,258.632819524
179.717,258.575946942
179.732,258.518847812
179.747,258.461521711
179.762,258.403968186
179.777,258.346186764
179.792,258.288176944
179.807,258.229938205
179.822,258.171469998
179.837,258.112771752
179.852,258.053842869
179.867,257.994682734
179.882,257.935290701
179.897,257.875666105
179.91,257.823802806
179.912,257.815808257
179.927,257.755716444
179.942,257.69538993
179.957,257.634827959
179.972,257.57402975
179.987,257.512994498
180.002,257.451721382
180.017,257.390209555
180.032,257.328458149
180.047,257.266466276
180.062,257.204233025
180.077,257.141757467
180.092,257.079038654
180.107,257.016075613
180.122,256.952867356
180.137,256.889412873
180.152,256.825711139
180.167,256.761761107
180.182,256.697561714
180.197,256.633111877
180.212,256.568410498
180.227,256.503456462
180.242,256.438248637
180.257,256.372785875
180.272,256.307067015
180.287,256.241090876
180.302,256.174856267
180.317,256.108361981
180.332,256.0416068
180.347,255.974589488
180.362,255.907308803
180.377,255.839763487
180.392,255.771952271
180.407,255.703873876
180.422,255.635527014
180.437,255.566910386
180.452,255.498022683
180.467,255.428862594
180.482,255.359428792
180.497,255.289719945
180.512,255.219734722
180.527,255.149471778
180.542,255.078929766
180.557,255.008107337
180.56,254.993909083
180.572,254.937003137
180.587,254.865615806
180.602,254.793943989
180.617,254.721986324
180.632,254.649741453
180.647,254.577208017
180.66,254.514111238
180.662,254.504384656
180.677,254.431270018
180.692,254.357862748
180.707,254.284161503
180.722,254.210164936
180.737,254.135871712
180.752,254.061280502
180.767,253.986389985
180.782,253.911198848
180.797,253.835705791
180.812,253.759909524
180.827,253.683808768
180.842,253.607402259
180.857,253.530688748
180.872,253.453667003
180.887,253.376335808
180.902,253.298693963
180.917,253.220740296
180.932,253.142473649
180.947,253.063892889
180.962,252.984996908
180.977,252.905784623
180.992,252.82625498
181.007,252.746406951
181.022,252.666239542
181.037,252.585751789
181.052,252.504942762
181.067,252.42381157
181.082,252.342357355
181.097,252.260579303
181.112,252.178476639
181.127,252.096048635
181.142,252.013294604
181.157,251.930213913
181.172,251.846805973
181.187,251.763070257
181.202,251.679006283
181.217,251.594613636
181.232,251.509891955
181.247,251.424840946
181.262,251.339460378
181.277,251.253750096
181.292,251.167710008
181.307,251.081340103
181.31,251.064026548
181.322,250.994640447
181.337,250.907611189
181.352,250.820252562
181.367,250.732564889
181.382,250.644548588
181.397,250.556204169
181.412,250.467532248
181.427,250.378533544
181.442,250.289208884
181.457,250.199559212
181.472,250.10958559
181.487,250.019289204
181.502,249.928671366
181.517,249.837733527
181.532,249.746477273
181.547,249.654904339
181.562,249.563016609
181.577,249.470816123
181.592,249.378305087
181.607,249.285485877
181.622,249.192361043
181.637,249.098933321
181.652,249.005205637
181.667,248.911181118
181.682,248.816863094
181.697,248.722255111
181.712,248.627360937
181.727,248.532184574
181.742,248.436730259
181.757,248.341002484
181.772,248.245005995
181.787,248.148745811
181.802,248.05222723
181.817,247.955455834
181.832,247.858437511
181.847,247.761178456
181.862,247.663685192
181.877,247.565964571
181.892,247.468023797
181.907,247.369870429
181.922,247.271512401
181.937,247.17295803
181.952,247.074216036
181.967,246.975295549
181.982,246.876206129
181.997,246.776957776
182.012,246.677560947
182.027,246.578026577
182.042,246.478366083
182.057,246.378591391
182.06,246.358623835
182.072,246.278714948
182.087,246.178749736
182.102,246.078709299
182.117,245.978607749
182.132,245.878459793
182.147,245.778280743
182.162,245.678086541
182.177,245.577893778
182.192,245.477719708
182.207,245.377582271
182.222,245.277500112
182.237,245.177492601
182.252,245.077579852
182.267,244.977782744
182.282,244.878122943
182.297,244.778622918
182.312,244.679305967
182.327,244.580196235
182.342,244.481318733
182.357,244.382699363
182.372,244.284364937
182.387,244.186343199
182.402,244.088662843
182.417,243.991353538
182.432,243.894445946
182.447,243.797971747
182.462,243.701963658
182.477,243.606455454
182.492,243.511481993
182.507,243.417079236
182.522,243.323284272
182.537,243.230135339
182.552,243.137671854
182.567,243.045934433
182.582,242.954964929
182.597,242.864806449
182.612,242.775503406
182.627,242.687101538
182.642,242.599647969
182.657,242.513191244
182.672,242.427781394
182.687,242.343470008
182.702,242.260310301
182.717,242.178357224
182.732,242.097667567
182.747,242.018300111
182.762,241.940315793
182.777,241.863777919
182.792,241.788752422
182.807,241.715308184
182.822,241.643517435
182.837,241.573456247
182.852,241.505205161
182.867,241.438849969
182.882,241.374482707
182.897,241.312202914
182.912,241.252119253
182.927,241.19435158
182.942,241.139033647
182.957,241.08631662
182.972,241.036373724
182.987,240.98940642
183.002,240.945652714
183.017,240.905398456
183.032,240.868992908
183.047,240.836870495
183.062,240.80958166
183.077,240.787837404
183.092,240.772574787
183.107,240.765055325
183.122,240.767016252
183.137,240.780909218
183.152,240.810287926
183.167,240.860458204
183.182,240.939607485
183.197,241.060844139
183.212,241.246029912
183.227,241.533253694
183.242,241.991701877
183.257,242.749943852
183.367,242.514831781
183.382,241.845678841
183.397,241.435975962
183.412,241.175857218
183.427,241.006050907
183.442,240.893590166
183.457,240.819332769
183.472,240.77167335
183.487,240.743289958
183.502,240.729394628
183.517,240.72675445
183.532,240.733122719
183.547,240.746896778
183.562,240.766905674
183.577,240.792274618
183.592,240.82233628
183.607,240.856571378
183.622,240.894568081
183.637,240.935993745
183.652,240.98057491
183.667,241.028082928
183.682,241.078323484
183.697,241.131128879
183.712,241.186352266
183.727,241.243863309
183.742,241.30354488
183.757,241.365290533
183.772,241.429002539
183.787,241.494590371
183.802,241.561969502
183.817,241.631060476
183.832,241.701788157
183.847,241.774081139
183.862,241.847871274
183.877,241.923093292
183.892,241.999684494
183.907,242.077584504
183.922,242.156735069
183.937,242.23707989
183.952,242.31856449
183.967,242.401136106
183.982,242.484743586
183.997,242.569337321
184.012,242.654869169
184.027,242.741292412
184.042,242.828561695
184.057,242.91663299
184.072,243.005463558
184.087,243.095011912
184.102,243.18523779
184.117,243.276102126
184.132,243.367567019
184.147,243.459595718
184.162,243.552152587
184.177,243.645203086
184.192,243.738713754
184.207,243.832652175
184.222,243.926986967
184.237,244.021687757
184.252,244.116725158
184.267,244.212070748
184.282,244.307697049
184.297,244.403577509
184.312,244.499686476
184.327,244.595999181
184.342,244.692491715
184.357,244.789141009
184.372,244.885924811
184.387,244.982821673
184.402,245.079810919
184.417,245.176872633
184.432,245.273987639
184.447,245.371137475
184.462,245.468304379
184.477,245.565471267
184.492,245.662621715
184.507,245.759739938
184.522,245.856810775
184.537,245.953819668
184.552,246.050752641
184.56,246.102414532
184.567,246.147596288
184.582,246.244337755
184.597,246.340964717
184.612,246.437465368
184.627,246.5338284
184.642,246.630042989
184.657,246.726098782
184.672,246.821985877
184.687,246.917694806
184.702,247.01321653
184.717,247.108542415
184.732,247.203664226
184.747,247.298574105
184.762,247.393264566
184.777,247.487728477
184.792,247.581959048
184.807,247.675949824
184.822,247.769694665
184.837,247.863187744
184.852,247.956423528
184.867,248.04939677
184.882,248.142102499
184.897,248.234536012
184.912,248.32669286
184.927,248.418568842
184.942,248.510159993
184.957,248.601462579
184.972,248.692473085
184.987,248.783188207
185.002,248.873604847
185.017,248.963720102
185.032,249.053531259
185.047,249.143035784
185.062,249.232231319
185.077,249.321115675
185.092,249.409686824
185.107,249.49794289
185.122,249.585882154
185.137,249.673503031
185.152,249.760804079
185.167,249.847783988
185.182,249.934441574
185.197,250.020775773
185.212,250.106785646
185.227,250.192470355
185.242,250.277829181
185.257,250.362861501
185.272,250.447566795
185.287,250.531944637
185.302,250.615994695
185.31,250.660687276
185.317,250.699716721
185.332,250.783110556
185.347,250.866176117
185.362,250.948913401
185.377,251.03132248
185.392,251.113403493
185.407,251.195156654
185.422,251.276582234
185.437,251.357680572
185.452,251.438452067
185.467,251.518897171
185.482,251.599016394
185.497,251.678810297
185.512,251.758279491
185.527,251.837424635
185.542,251.916246433
185.557,251.994745634
185.572,252.072923027
185.587,252.15077944
185.602,252.228315741
185.617,252.305532831
185.632,252.382431648
185.647,252.459013158
185.662,252.535278364
185.677,252.611228295
185.692,252.686864005
185.707,252.762186579
185.722,252.837197125
185.737,252.911896774
185.752,252.986286679
185.767,253.060368014
185.782,253.134141975
185.797,253.207609771
185.812,253.280772635
185.827,253.35363181
185.842,253.426188559
185.857,253.498444157
185.872,253.570399889
185.887,253.642057057
185.902,253.713416972
185.917,253.784480954
185.932,253.855250331
185.947,253.925726445
185.96,253.986569565
185.962,253.995910639
185.977,254.065804267
185.992,254.135408685
186.007,254.204725257
186.022,254.27375535
186.037,254.342500336
186.052,254.410961587
186.06,254.447358713
186.067,254.479140478
186.082,254.547038389
186.097,254.614656696
186.112,254.681996775
186.127,254.749060006
186.142,254.815847765
186.157,254.882361425
186.172,254.948602359
186.187,255.014571937
186.202,255.080271524
186.217,255.145702481
186.232,255.210866169
186.247,255.275763937
186.262,255.340397134
186.277,255.4047671
186.292,255.468875172
186.307,255.532722675
186.322,255.596310933
186.337,255.659641258
186.352,255.722714954
186.367,255.785533318
186.382,255.848097637
186.397,255.910409191
186.412,255.972469247
186.427,256.034279065
186.442,256.095839892
186.457,256.157152966
186.472,256.218219514
186.487,256.279040751
186.502,256.339617881
186.517,256.399952095
186.532,256.460044571
186.547,256.51989648
186.562,256.579508971
186.577,256.638883189
186.592,256.698020258
186.607,256.756921296
186.622,256.815587402
186.637,256.87401966
186.652,256.932219146
186.667,256.990186915
186.682,257.047924011
186.697,257.105431462
186.71,257.155086278
186.712,257.16271028
186.727,257.219761465
186.742,257.276585998
186.757,257.333184846
186.772,257.389558961
186.787,257.445709279
186.802,257.501636719
186.817,257.557342184
186.832,257.612826562
186.847,257.668090724
186.862,257.723135523
186.877,257.777961801
186.892,257.832570374
186.907,257.886962051
186.922,257.941137618
186.937,257.995097847
186.952,258.048843491
186.967,258.102375289
186.982,258.15569396
186.997,258.208800208
187.012,258.261694719
187.027,258.314378162
187.042,258.36685119
187.057,258.419114437
187.072,258.47116852
187.087,258.523014044
187.102,258.574651587
187.117,258.626081719
187.132,258.677304992
187.147,258.728321934
187.162,258.779133062
187.177,258.829738877
187.192,258.880139859
187.207,258.930336474
187.222,258.98032917
187.237,259.03011838
187.252,259.079704519
187.267,259.129087985
187.282,259.17826916
187.297,259.227248412
187.312,259.276026089
187.327,259.324602527
187.342,259.372978043
187.357,259.421152938
187.372,259.469127499
187.387,259.516901998
187.402,259.564476689
187.417,259.611851813
187.432,259.659027594
187.447,259.706004244
187.46,259.746556415
187.462,259.752781957
187.477,259.799360911
187.492,259.845741276
187.507,259.891923201
187.522,259.937906824
187.537,259.983692269
187.552,260.029279646
187.567,260.07466905
187.582,260.119860565
187.597,260.16485426
187.612,260.209650192
187.627,260.254248404
187.642,260.298648927
187.657,260.342851781
187.672,260.386856972
187.687,260.430664494
187.702,260.474274332
187.717,260.517686457
187.732,260.560900827
187.747,260.603917394
187.762,260.646736096
187.777,260.689356861
187.792,260.731779606
187.807,260.774004238
187.822,260.816030657
187.837,260.857858749
187.852,260.899488395
187.867,260.940919463
187.882,260.982151813
187.897,261.023185301
187.912,261.064019768
187.927,261.104655052
187.942,261.145090978
187.957,261.18532737
187.972,261.22536404
187.987,261.265200794
188.002,261.304837431
188.017,261.344273746
188.032,261.383509523
188.047,261.422544544
188.062,261.461378584
188.077,261.500011412
188.092,261.538442791
188.107,261.576672482
188.122,261.614700239
188.137,261.652525811
188.152,261.690148945
188.167,261.727569381
188.182,261.764786859
188.197,261.801801113
188.21,261.83371554
188.212,261.838611874
188.227,261.875218871
188.242,261.91162183
188.257,261.947820474
188.272,261.983814524
188.287,262.0196037
188.302,262.055187719
188.317,262.090566297
188.332,262.12573915
188.347,262.160705991
188.362,262.195466534
188.377,262.230020491
188.392,262.264367574
188.407,262.298507496
188.422,262.33243997
188.437,262.366164708
188.452,262.399681425
188.467,262.432989835
188.482,262.466089653
188.497,262.498980596
188.512,262.531662384
188.527,262.564134736
188.542,262.596397374
188.557,262.628450023
188.572,262.660292409
188.587,262.691924262
188.602,262.723345313
188.617,262.754555297
188.632,262.785553953
188.647,262.816341022
188.66,262.8428518
188.662,262.846916247
188.677,262.877279378
188.692,262.907430169
188.707,262.937368373
188.722,262.967093753
188.737,262.996606074
188.752,263.025905104
188.767,263.05499062
188.782,263.083862398
188.797,263.112520225
188.812,263.140963888
188.827,263.169193183
188.842,263.197207909
188.857,263.225007874
188.872,263.252592888
188.887,263.279962767
188.902,263.307117338
188.917,263.334056426
188.932,263.360779872
188.947,263.387287514
188.96,263.410086128
188.962,263.413579203
188.977,263.439654793
188.992,263.465514147
189.007,263.491157135
189.022,263.51658363
189.037,263.541793517
189.052,263.566786686
189.067,263.591563033
189.082,263.616122464
189.097,263.640464892
189.112,263.664590234
189.127,263.688498418
189.142,263.71218938
189.157,263.735663062
189.172,263.758919413
189.187,263.781958393
189.202,263.804779969
189.217,263.827384112
189.232,263.849770807
189.247,263.871940042
189.262,263.893891818
189.277,263.91562614
189.292,263.937143023
189.307,263.958442491
189.31,263.962676298
189.322,263.979524576
189.337,264.000389317
189.352,264.021036764
189.367,264.04146697
189.382,264.061680005
189.397,264.08167594
189.41,264.098830205
189.412,264.101454859
189.427,264.121016851
189.442,264.140362016
189.457,264.159490464
189.472,264.178402309
189.487,264.197097678
189.502,264.215576703
189.517,264.233839527
189.532,264.251886301
189.547,264.269717187
189.562,264.287332349
189.577,264.304731966
189.592,264.321916224
189.607,264.338885314
189.622,264.355639442
189.637,264.372178818
189.652,264.38850366
189.667,264.404614197
189.682,264.420510666
189.697,264.436193312
189.712,264.451662388
189.727,264.466918157
189.742,264.481960886
189.757,264.496790857
189.772,264.511408356
189.787,264.525813678
189.802,264.540007126
189.817,264.553989012
189.832,264.567759656
189.847,264.581319387
189.862,264.594668538
189.877,264.607807457
189.892,264.620736493
189.907,264.633456007
189.922,264.645966366
189.937,264.658267949
189.952,264.670361137
189.967,264.68224632
189.982,264.693923899
189.997,264.70539428
190.012,264.716657879
190.027,264.727715115
190.042,264.738566418
190.057,264.749212225
190.072,264.75965298
190.087,264.769889133
190.102,264.779921142
190.117,264.789749474
190.132,264.799374601
190.147,264.808797003
190.16,264.816799478
190.162,264.818017165
190.177,264.827035582
190.192,264.835852753
190.207,264.844469186
190.222,264.852885393
190.237,264.861101896
190.252,264.869119219
190.267,264.876937898
190.282,264.884558469
190.297,264.891981481
190.31,264.898255381
190.312,264.899207485
190.327,264.906237037
190.342,264.913070705
190.357,264.919709056
190.372,264.926152667
190.387,264.932402121
190.402,264.938458003
190.417,264.944320909
190.432,264.949991436
190.447,264.955470191
190.462,264.96075778
190.477,264.965854822
190.492,264.970761935
190.507,264.975479748
190.522,264.980008888
190.537,264.984349994
190.552,264.988503705
190.567,264.992470667
190.582,264.996251532
190.597,264.999846954
190.612,265.003257594
190.627,265.006484117
190.642,265.009527191
190.657,265.012387489
190.672,265.015065691
190.687,265.017562475
190.702,265.019878532
190.717,265.022014551
190.732,265.023971224
190.747,265.025749251
190.762,265.027349336
190.777,265.028772181
190.792,265.030018498
190.807,265.031089
190.822,265.031984404
190.837,265.03270543
190.852,265.033252801
190.867,265.033627244
190.882,265.03382949
190.897,265.033860271
190.912,265.033720325
190.927,265.03341039
190.942,265.03293121
190.957,265.032283528
190.972,265.031468092
190.987,265.030485654
191.002,265.029336966
191.017,265.028022784
191.032,265.026543867
191.047,265.024900974
191.062,265.023094869
191.077,265.021126318
191.092,265.018996087
191.107,265.016704945
191.122,265.014253664
191.137,265.011643018
191.152,265.008873782
191.167,265.005946733
191.182,265.002862649
191.197,264.999622313
191.212,264.996226504
191.227,264.992676008
191.242,264.988971608
191.257,264.985114093
191.272,264.98110425
191.287,264.976942868
191.302,264.972630738
191.31,264.97026957
