# 78954 TBPB Grantley Adams Observations at 12Z 11 Jul 2019
Frequency [GHz],TB
175.31,284.616966503
175.322,284.603305049
175.337,284.586174204
175.352,284.568983338
175.367,284.551732464
175.382,284.53442159
175.397,284.517050729
175.412,284.499619888
175.427,284.482129078
175.442,284.464578307
175.457,284.446967583
175.472,284.429296914
175.487,284.411566307
175.502,284.393775769
175.517,284.375925305
175.532,284.358014921
175.547,284.340044622
175.562,284.322014411
175.577,284.303924293
175.592,284.285774268
175.607,284.267564339
175.622,284.249294508
175.637,284.230964775
175.652,284.212575138
175.667,284.194125597
175.682,284.175616149
175.697,284.157046792
175.712,284.138417521
175.727,284.119728332
175.742,284.100979217
175.757,284.082170171
175.772,284.063301185
175.787,284.044372251
175.802,284.025383358
175.817,284.006334495
175.832,283.98722565
175.847,283.96805681
175.862,283.948827959
175.877,283.929539084
175.892,283.910190164
175.907,283.890781184
175.922,283.871312123
175.937,283.851782961
175.952,283.832193675
175.967,283.812544243
175.982,283.792834638
175.997,283.773064835
176.012,283.753234805
176.027,283.733344522
176.042,283.713393951
176.057,283.693383063
176.072,283.673311823
176.087,283.653180195
176.102,283.632988144
176.117,283.61273563
176.132,283.592422613
176.147,283.572049051
176.162,283.551614901
176.177,283.531120117
176.192,283.510564653
176.207,283.489948458
176.222,283.469271484
176.237,283.448533677
176.252,283.427734982
176.267,283.406875343
176.282,283.385954702
176.297,283.364972999
176.31,283.346739416
176.312,283.343930171
176.327,283.322826155
176.342,283.301660884
176.357,283.280434289
176.372,283.2591463
176.387,283.237796844
176.402,283.216385848
176.417,283.194913232
176.432,283.17337892
176.447,283.151782828
176.46,283.133016178
176.462,283.130124874
176.477,283.10840497
176.492,283.08662303
176.507,283.064778963
176.522,283.042872674
176.537,283.020904069
176.552,282.99887305
176.567,282.976779515
176.582,282.954623364
176.597,282.932404489
176.612,282.910122782
176.627,282.887778134
176.642,282.865370431
176.657,282.842899556
176.672,282.820365392
176.687,282.797767816
176.702,282.775106706
176.717,282.752381934
176.732,282.72959337
176.747,282.706740883
176.762,282.683824336
176.777,282.660843592
176.792,282.637798509
176.807,282.614688944
176.822,282.591514749
176.837,282.568275774
176.852,282.544971867
176.867,282.521602872
176.882,282.498168628
176.897,282.474668973
176.912,282.451103743
176.927,282.427472769
176.942,282.403775878
176.957,282.380012896
176.972,282.356183644
176.987,282.33228794
177.002,282.308325599
177.017,282.284296434
177.032,282.260200251
177.047,282.236036857
177.062,282.211806051
177.077,282.187507633
177.092,282.163141395
177.107,282.13870713
177.122,282.114204624
177.137,282.08963366
177.152,282.064994019
177.167,282.040285477
177.182,282.015507806
177.197,281.990660775
177.21,281.969070396
177.212,281.965744149
177.227,281.940757689
177.242,281.915701153
177.257,281.890574293
177.272,281.86537686
177.287,281.840108599
177.302,281.814769251
177.31,281.801225776
177.317,281.789358555
177.332,281.763876244
177.347,281.738322047
177.362,281.712695689
177.377,281.686996892
177.392,281.661225373
177.407,281.635380845
177.422,281.609463016
177.437,281.58347159
177.452,281.557406268
177.467,281.531266745
177.482,281.505052712
177.497,281.478763856
177.512,281.452399859
177.527,281.425960399
177.542,281.399445149
177.557,281.372853777
177.572,281.346185949
177.587,281.319441322
177.602,281.292619551
177.617,281.265720287
177.632,281.238743174
177.647,281.211687852
177.66,281.188176363
177.662,281.184553958
177.677,281.15734112
177.692,281.130048965
177.707,281.102677113
177.722,281.07522518
177.737,281.047692775
177.752,281.020079504
177.767,280.992384967
177.782,280.964608759
177.797,280.936750468
177.812,280.90880968
177.827,280.880785972
177.842,280.852678919
177.857,280.824488088
177.872,280.796213042
177.887,280.767853336
177.902,280.739408524
177.917,280.710878149
177.932,280.682261752
177.947,280.653558867
177.96,280.628612709
177.962,280.624769022
177.977,280.595891739
177.992,280.566926535
178.007,280.53787292
178.022,280.508730398
178.037,280.479498468
178.052,280.450176622
178.067,280.420764345
178.082,280.391261118
178.097,280.361666412
178.112,280.331979696
178.127,280.302200429
178.142,280.272328066
178.157,280.242362053
178.172,280.212301832
178.187,280.182146835
178.202,280.151896491
178.217,280.121550218
178.232,280.091107432
178.247,280.060567537
178.262,280.029929933
178.277,279.999194013
178.292,279.968359161
178.307,279.937424754
178.322,279.906390163
178.337,279.875254751
178.352,279.844017873
178.367,279.812678877
178.382,279.781237103
178.397,279.749691883
178.41,279.722268495
178.412,279.718042542
178.427,279.686288396
178.442,279.654428754
178.457,279.622462916
178.472,279.590390176
178.487,279.558209815
178.502,279.525921112
178.517,279.493523332
178.532,279.461015736
178.547,279.428397572
178.562,279.395668082
178.577,279.3628265
178.592,279.329872049
178.607,279.296803944
178.622,279.26362139
178.637,279.230323584
178.652,279.196909713
178.667,279.163378955
178.682,279.129730479
178.697,279.095963443
178.712,279.062076996
178.727,279.028070277
178.742,278.993942415
178.757,278.95969253
178.772,278.92531973
178.787,278.890823115
178.802,278.856201772
178.817,278.821454779
178.832,278.786581203
178.847,278.751580102
178.862,278.716450519
178.877,278.681191489
178.892,278.645802036
178.907,278.610281172
178.922,278.574627897
178.937,278.5388412
178.952,278.502920058
178.967,278.466863437
178.982,278.43067029
178.997,278.394339559
179.012,278.357870172
179.027,278.321261047
179.042,278.284511087
179.057,278.247619183
179.072,278.210584215
179.087,278.173405047
179.102,278.136080532
179.117,278.098609509
179.132,278.060990803
179.147,278.023223225
179.16,277.990369976
179.162,277.985305575
179.177,277.947236634
179.192,277.909015173
179.207,277.870639946
179.222,277.832109695
179.237,277.793423145
179.252,277.754579008
179.267,277.715575977
179.282,277.676412735
179.297,277.637087945
179.312,277.597600257
179.327,277.557948303
179.342,277.518130701
179.357,277.478146051
179.372,277.437992937
179.387,277.397669926
179.402,277.357175568
179.417,277.316508395
179.432,277.275666924
179.447,277.234649651
179.462,277.193455056
179.477,277.1520816
179.492,277.110527726
179.507,277.068791859
179.522,277.026872402
179.537,276.984767742
179.552,276.942476245
179.567,276.899996257
179.582,276.857326105
179.597,276.814464094
179.612,276.771408509
179.627,276.728157616
179.642,276.684709656
179.657,276.641062851
179.672,276.597215401
179.687,276.553165482
179.702,276.508911249
179.717,276.464450834
179.732,276.419782345
179.747,276.374903866
179.762,276.329813459
179.777,276.28450916
179.792,276.23898898
179.807,276.193250907
179.822,276.147292901
179.837,276.101112897
179.852,276.054708805
179.867,276.008078506
179.882,275.961219856
179.897,275.914130681
179.91,275.873131894
179.912,275.866808781
179.927,275.819251927
179.942,275.771457861
179.957,275.723424294
179.972,275.67514891
179.987,275.62662936
180.002,275.577863265
180.017,275.528848214
180.032,275.479581766
180.047,275.430061444
180.062,275.380284741
180.077,275.330249113
180.092,275.279951985
180.107,275.229390746
180.122,275.178562747
180.137,275.127465307
180.152,275.076095704
180.167,275.024451182
180.182,274.972528943
180.197,274.920326155
180.212,274.867839941
180.227,274.815067387
180.242,274.762005537
180.257,274.708651393
180.272,274.655001915
180.287,274.601054017
180.302,274.546804572
180.317,274.492250406
180.332,274.437388298
180.347,274.382214982
180.362,274.326727142
180.377,274.270921415
180.392,274.214794387
180.407,274.158342594
180.422,274.101562518
180.437,274.04445059
180.452,273.987003187
180.467,273.929216631
180.482,273.871087186
180.497,273.812611061
180.512,273.753784404
180.527,273.694603305
180.542,273.635063793
180.557,273.575161833
180.56,273.563137588
180.572,273.514893329
180.587,273.454254117
180.602,273.393239969
180.617,273.331846589
180.632,273.27006961
180.647,273.207904597
180.66,273.153710892
180.662,273.14534704
180.677,273.082392359
180.692,273.019035895
180.707,272.955272914
180.722,272.891098603
180.737,272.826508069
180.752,272.761496338
180.767,272.69605835
180.782,272.630188961
180.797,272.563882939
180.812,272.497134963
180.827,272.429939621
180.842,272.362291407
180.857,272.29418472
180.872,272.225613862
180.887,272.156573036
180.902,272.087056341
180.917,272.017057776
180.932,271.94657123
180.947,271.875590487
180.962,271.804109218
180.977,271.732120982
180.992,271.659619223
181.007,271.586597265
181.022,271.513048313
181.037,271.438965449
181.052,271.364341629
181.067,271.28916968
181.082,271.2134423
181.097,271.13715205
181.112,271.060291357
181.127,270.982852507
181.142,270.904827644
181.157,270.826208768
181.172,270.746987729
181.187,270.667156225
181.202,270.586705803
181.217,270.505627849
181.232,270.42391359
181.247,270.341554089
181.262,270.258540242
181.277,270.174862774
181.292,270.090512237
181.307,270.005479007
181.31,269.988389578
181.322,269.919753277
181.337,269.83332506
181.352,269.746184179
181.367,269.658320268
181.382,269.569722766
181.397,269.480380916
181.412,269.390283758
181.427,269.299420129
181.442,269.207778658
181.457,269.115347762
181.472,269.022115644
181.487,268.928070287
181.502,268.833199452
181.517,268.737490676
181.532,268.640931265
181.547,268.543508294
181.562,268.4452086
181.577,268.346018782
181.592,268.245925195
181.607,268.144913948
181.622,268.042970901
181.637,267.940081658
181.652,267.836231571
181.667,267.731405729
181.682,267.625588958
181.697,267.51876582
181.712,267.410920608
181.727,267.30203734
181.742,267.192099762
181.757,267.081091341
181.772,266.968995263
181.787,266.855794431
181.802,266.741471462
181.817,266.626008685
181.832,266.509388135
181.847,266.391591558
181.862,266.272600399
181.877,266.152395809
181.892,266.030958635
181.907,265.908269424
181.922,265.784308417
181.937,265.659055547
181.952,265.532490438
181.967,265.404592404
181.982,265.275340443
181.997,265.144713238
182.012,265.012689153
182.027,264.87924623
182.042,264.744362187
182.057,264.608014415
182.06,264.5805672
182.072,264.470179972
182.087,264.33083558
182.102,264.189957623
182.117,264.047522137
182.132,263.903504806
182.147,263.757880955
182.162,263.610625538
182.177,263.461713133
182.192,263.311117926
182.207,263.158813697
182.222,263.004773809
182.237,262.848971179
182.252,262.691378267
182.267,262.531967039
182.282,262.370708946
182.297,262.20757488
182.312,262.042535139
182.327,261.875559373
182.342,261.706616533
182.357,261.5356748
182.372,261.362701514
182.387,261.187663081
182.402,261.010524875
182.417,260.831251116
182.432,260.649804735
182.447,260.466147214
182.462,260.280238403
182.477,260.092036309
182.492,259.901496847
182.507,259.708573564
182.522,259.513217302
182.537,259.315375832
182.552,259.114993408
182.567,258.91201027
182.582,258.706362061
182.597,258.497979157
182.612,258.286785889
182.627,258.072699652
182.642,257.855629865
182.657,257.635476779
182.672,257.412130086
182.687,257.185467323
182.702,256.955352008
182.717,256.72163149
182.732,256.484134447
182.747,256.242667986
182.762,255.997014268
182.777,255.746926575
182.792,255.492124739
182.807,255.232289793
182.822,254.967057733
182.837,254.696012212
182.852,254.41867598
182.867,254.134500836
182.882,253.842855813
182.897,253.543013258
182.912,253.23413242
182.927,252.915240036
182.942,252.585207354
182.957,252.242722874
182.972,251.88625997
182.987,251.514038362
183.002,251.123978247
183.017,250.713645639
183.032,250.280187266
183.047,249.820253169
183.062,249.329904997
183.077,248.804508153
183.092,248.238606486
183.107,247.625779879
183.122,246.95848864
183.137,246.227915946
183.152,245.423834048
183.167,244.53454738
183.182,243.547016641
183.197,242.447361327
183.212,241.222111686
183.227,239.860931669
183.242,238.362374674
183.257,236.74659272
183.367,237.140538141
183.382,238.723717064
183.397,240.181588992
183.412,241.50139652
183.427,242.687654758
183.442,243.75185352
183.457,244.707717925
183.472,245.568965031
183.487,246.348294123
183.502,247.057007217
183.517,247.704944844
183.532,248.300569383
183.547,248.851108065
183.562,249.362711267
183.577,249.840605035
183.592,250.289228976
183.607,250.712356767
183.622,251.113199502
183.637,251.494493364
183.652,251.858573552
183.667,252.207436422
183.682,252.542791653
183.697,252.86610604
183.712,253.178640274
183.727,253.48147988
183.742,253.775561263
183.757,254.061693681
183.772,254.340577818
183.787,254.612821497
183.802,254.87895301
183.817,255.13943244
183.832,255.394661297
183.847,255.64499073
183.862,255.890728537
183.877,256.132145158
183.892,256.369478812
183.907,256.602939891
183.922,256.832714745
183.937,257.058968923
183.952,257.281849967
183.967,257.501489823
183.982,257.718006911
183.997,257.931507914
184.012,258.142089328
184.027,258.349838792
184.042,258.554836247
184.057,258.757154931
184.072,258.956862245
184.087,259.154020501
184.102,259.348687569
184.117,259.54091744
184.132,259.730760709
184.147,259.918265001
184.162,260.103475329
184.177,260.286434416
184.192,260.467182966
184.207,260.645759901
184.222,260.822202568
184.237,260.996546914
184.252,261.16882764
184.267,261.339078337
184.282,261.507331597
184.297,261.673619112
184.312,261.837971764
184.327,262.000419691
184.342,262.16099236
184.357,262.319718613
184.372,262.476626718
184.387,262.63174441
184.402,262.785098925
184.417,262.936717027
184.432,263.086625037
184.447,263.234848853
184.462,263.381413968
184.477,263.526345489
184.492,263.669668145
184.507,263.811406304
184.522,263.95158398
184.537,264.090224843
184.552,264.227352222
184.56,264.299875933
184.567,264.362989119
184.582,264.497158205
184.597,264.629881833
184.612,264.761182037
184.627,264.891080537
184.642,265.01959874
184.657,265.146757749
184.672,265.272578357
184.687,265.397081057
184.702,265.520286039
184.717,265.642213196
184.732,265.762882122
184.747,265.882312118
184.762,266.000522191
184.777,266.117531059
184.792,266.233357149
184.807,266.348018604
184.822,266.461533281
184.837,266.573918755
184.852,266.685192321
184.867,266.795370997
184.882,266.904471526
184.897,267.012510376
184.912,267.119503747
184.927,267.225467571
184.942,267.330417515
184.957,267.434368983
184.972,267.537337121
184.987,267.639336815
185.002,267.740382703
185.017,267.840489167
185.032,267.939670344
185.047,268.037940127
185.062,268.135312165
185.077,268.231799871
185.092,268.327416421
185.107,268.422174761
185.122,268.516087608
185.137,268.609167452
185.152,268.701426562
185.167,268.792876989
185.182,268.883530566
185.197,268.973398917
185.212,269.062493456
185.227,269.150825389
185.242,269.238405724
185.257,269.325245267
185.272,269.41135463
185.287,269.496744232
185.302,269.581424304
185.31,269.626300365
185.317,269.665404889
185.332,269.748695851
185.347,269.831306872
185.362,269.913247458
185.377,269.994526945
185.392,270.075154497
185.407,270.155139111
185.422,270.234489621
185.437,270.313214703
185.452,270.391322873
185.467,270.468822494
185.482,270.545721775
185.497,270.622028781
185.512,270.697751427
185.527,270.772897489
185.542,270.8474746
185.557,270.921490258
185.572,270.994951826
185.587,271.067866535
185.602,271.140241486
185.617,271.212083656
185.632,271.283399896
185.647,271.354196937
185.662,271.424481389
185.677,271.494259747
185.692,271.563538393
185.707,271.632323596
185.722,271.700621514
185.737,271.768438201
185.752,271.835779604
185.767,271.902651567
185.782,271.969059835
185.797,272.035010054
185.812,272.100507771
185.827,272.165558443
185.842,272.23016743
185.857,272.294340006
185.872,272.358081351
185.887,272.421396563
185.902,272.484290652
185.917,272.546768546
185.932,272.608835091
185.947,272.670495054
185.96,272.723608435
185.962,272.731753124
185.977,272.792613911
185.992,272.853081953
186.007,272.913161714
186.022,272.972857584
186.037,273.032173886
186.052,273.091114872
186.06,273.122398049
186.067,273.149684726
186.082,273.207887567
186.097,273.26572745
186.112,273.323208365
186.127,273.380334241
186.142,273.437108945
186.157,273.493536286
186.172,273.549620012
186.187,273.605363816
186.202,273.660771336
186.217,273.71584615
186.232,273.770591789
186.247,273.825011725
186.262,273.879109381
186.277,273.932888131
186.292,273.986351295
186.307,274.039502149
186.322,274.092343916
186.337,274.144879778
186.352,274.197112865
186.367,274.249046267
186.382,274.300683026
186.397,274.352026143
186.412,274.403078575
186.427,274.453843238
186.442,274.504323008
186.457,274.554520717
186.472,274.604439162
186.487,274.654081099
186.502,274.703449247
186.517,274.752546285
186.532,274.801374858
186.547,274.849937576
186.562,274.898237009
186.577,274.946275698
186.592,274.994056145
186.607,275.041580822
186.622,275.088852165
186.637,275.135872581
186.652,275.182644442
186.667,275.229170092
186.682,275.275451841
186.697,275.321491971
186.71,275.361199716
186.712,275.367292734
186.727,275.412856353
186.742,275.458185021
186.757,275.503280904
186.772,275.54814614
186.787,275.592782839
186.802,275.637193087
186.817,275.68137894
186.832,275.725342429
186.847,275.769085562
186.862,275.812610318
186.877,275.855918654
186.892,275.899012502
186.907,275.94189377
186.922,275.984564342
186.937,276.027026079
186.952,276.069280818
186.967,276.111330378
186.982,276.153176549
186.997,276.194821105
187.012,276.236265796
187.027,276.27751235
187.042,276.318562476
187.057,276.359417862
187.072,276.400080176
187.087,276.440551063
187.102,276.480832153
187.117,276.520925055
187.132,276.560831357
187.147,276.60055263
187.162,276.640090426
187.177,276.679446279
187.192,276.718621706
187.207,276.757618203
187.222,276.796437252
187.237,276.835080316
187.252,276.873548842
187.267,276.911844258
187.282,276.949967977
187.297,276.987921398
187.312,277.025705899
187.327,277.063322846
187.342,277.100773588
187.357,277.138059459
187.372,277.175181776
187.387,277.212141843
187.402,277.248940948
187.417,277.285580366
187.432,277.322061356
187.447,277.358385162
187.46,277.389739603
187.462,277.394553017
187.477,277.430566137
187.492,277.466425725
187.507,277.502132972
187.522,277.537689055
187.537,277.573095136
187.552,277.608352367
187.567,277.643461885
187.582,277.678424815
187.597,277.713242269
187.612,277.747915348
187.627,277.78244514
187.642,277.81683272
187.657,277.851079152
187.672,277.885185489
187.687,277.919152772
187.702,277.952982029
187.717,277.986674279
187.732,278.020230528
187.747,278.053651773
187.762,278.086938997
187.777,278.120093176
187.792,278.153115272
187.807,278.18600624
187.822,278.21876702
187.837,278.251398547
187.852,278.283901742
187.867,278.316277517
187.882,278.348526775
187.897,278.380650409
187.912,278.412649301
187.927,278.444524326
187.942,278.476276348
187.957,278.507906221
187.972,278.539414791
187.987,278.570802895
188.002,278.602071361
188.017,278.633221007
188.032,278.664252643
188.047,278.695167072
188.062,278.725965085
188.077,278.756647468
188.092,278.787214997
188.107,278.817668439
188.122,278.848008554
188.137,278.878236094
188.152,278.908351803
188.167,278.938356416
188.182,278.968250662
188.197,278.998035262
188.21,279.02376044
188.212,279.027710927
188.227,279.057278364
188.242,279.08673827
188.257,279.116091335
188.272,279.145338244
188.287,279.174479673
188.302,279.203516289
188.317,279.232448757
188.332,279.26127773
188.347,279.290003857
188.362,279.318627779
188.377,279.347150133
188.392,279.375571544
188.407,279.403892637
188.422,279.432114024
188.437,279.460236317
188.452,279.488260116
188.467,279.51618602
188.482,279.544014616
188.497,279.57174649
188.512,279.599382219
188.527,279.626922376
188.542,279.654367527
188.557,279.681718231
188.572,279.708975044
188.587,279.736138513
188.602,279.763209183
188.617,279.790187591
188.632,279.817074268
188.647,279.843869741
188.66,279.867019114
188.662,279.870574532
188.677,279.897189156
188.692,279.923714123
188.707,279.95014994
188.722,279.976497106
188.737,280.002756115
188.752,280.028927459
188.767,280.055011621
188.782,280.081009082
188.797,280.106920318
188.812,280.132745797
188.827,280.158485987
188.842,280.184141346
188.857,280.209712333
188.872,280.235199397
188.887,280.260602985
188.902,280.285923541
188.917,280.311161501
188.932,280.3363173
188.947,280.361391365
188.96,280.383056437
188.962,280.386384122
188.977,280.411295991
188.992,280.436127389
189.007,280.460878726
189.022,280.48555041
189.037,280.510142846
189.052,280.534656432
189.067,280.559091564
189.082,280.583448634
189.097,280.607728029
189.112,280.631930132
189.127,280.656055324
189.142,280.680103981
189.157,280.704076473
189.172,280.727973171
189.187,280.751794438
189.202,280.775540636
189.217,280.799212122
189.232,280.822809249
189.247,280.846332369
189.262,280.869781827
189.277,280.893157968
189.292,280.91646113
189.307,280.939691651
189.31,280.944329067
189.322,280.962849863
189.337,280.985936096
189.352,281.008950676
189.367,281.031893927
189.382,281.054766169
189.397,281.077567718
189.41,281.09727212
189.412,281.100298887
189.427,281.122959988
189.442,281.145551328
189.457,281.16807321
189.472,281.190525936
189.487,281.212909804
189.502,281.23522511
189.517,281.257472145
189.532,281.2796512
189.547,281.30176256
189.562,281.323806509
189.577,281.345783329
189.592,281.367693297
189.607,281.389536688
189.622,281.411313775
189.637,281.433024827
189.652,281.454670113
189.667,281.476249896
189.682,281.497764439
189.697,281.519214
189.712,281.540598837
189.727,281.561919203
189.742,281.58317535
189.757,281.604367528
189.772,281.625495983
189.787,281.64656096
189.802,281.6675627
189.817,281.688501443
189.832,281.709377425
189.847,281.730190883
189.862,281.750942048
189.877,281.771631151
189.892,281.792258418
189.907,281.812824078
189.922,281.833328352
189.937,281.853771462
189.952,281.874153627
189.967,281.894475065
189.982,281.914735989
189.997,281.934936614
190.012,281.955077149
190.027,281.975157804
190.042,281.995178785
190.057,282.015140297
190.072,282.035042542
190.087,282.054885721
190.102,282.074670033
190.117,282.094395675
190.132,282.114062841
190.147,282.133671725
190.16,282.150619096
190.162,282.153222519
190.177,282.17271541
190.192,282.192150588
190.207,282.211528237
190.222,282.230848542
190.237,282.250111686
190.252,282.269317847
190.267,282.288467207
190.282,282.30755994
190.297,282.326596224
190.31,282.343048809
190.312,282.345576231
190.327,282.364500135
190.342,282.383368105
190.357,282.40218031
190.372,282.420936918
190.387,282.439638095
190.402,282.458284004
190.417,282.47687481
190.432,282.495410672
190.447,282.513891751
190.462,282.532318204
190.477,282.55069019
190.492,282.569007863
190.507,282.587271377
190.522,282.605480884
190.537,282.623636537
190.552,282.641738484
190.567,282.659786875
190.582,282.677781857
190.597,282.695723575
190.612,282.713612173
190.627,282.731447797
190.642,282.749230586
190.657,282.766960683
190.672,282.784638226
190.687,282.802263354
190.702,282.819836204
190.717,282.837356912
190.732,282.854825613
190.747,282.872242441
190.762,282.889607528
190.777,282.906921005
190.792,282.924183002
190.807,282.94139365
190.822,282.958553075
190.837,282.975661406
190.852,282.992718768
190.867,283.009725285
190.882,283.026681083
190.897,283.043586283
190.912,283.060441009
190.927,283.07724538
190.942,283.093999518
190.957,283.11070354
190.972,283.127357566
190.987,283.143961712
191.002,283.160516095
191.017,283.17702083
191.032,283.193476032
191.047,283.209881815
191.062,283.226238292
191.077,283.242545573
191.092,283.258803772
191.107,283.275012997
191.122,283.291173359
191.137,283.307284967
191.152,283.323347928
191.167,283.33936235
191.182,283.35532834
191.197,283.371246002
191.212,283.387115443
191.227,283.402936766
191.242,283.418710076
191.257,283.434435475
191.272,283.450113065
191.287,283.465742948
191.302,283.481325226
191.31,283.489616343
