# 01004 ENAS Ny-Alesund Ii Observations at 12Z 22 Feb 2019
p [hPa],z [m],T [C],T_dew [C],RH [%],r [g/kg],wdir [deg],SKNT [knot],THTA [K],THTE [K],THTV [K]
1000.0,-135.0,,,,,,,,,
981.0,8.0,20.6,19.9,96.0,15.15,140.0,4.0,295.4,339.0,298.0
925.0,488.0,-2.3,-2.9,96.0,3.35,185.0,4.0,276.9,286.4,277.5
906.0,652.0,-3.3,-3.8,97.0,3.2,170.0,10.0,277.5,286.6,278.1
883.0,855.0,-4.6,-4.9,98.0,3.03,200.0,16.0,278.3,286.9,278.8
850.0,1155.0,-6.5,-6.5,100.0,2.78,200.0,21.0,279.3,287.3,279.8
811.0,1517.0,-8.3,-8.5,99.0,2.5,195.0,21.0,281.2,288.4,281.6
732.0,2307.0,-12.2,-12.8,96.0,1.97,250.0,21.0,285.2,291.1,285.6
716.0,2478.0,-13.1,-13.7,95.0,1.86,250.0,25.0,286.1,291.7,286.4
713.0,2510.0,-12.3,-13.9,88.0,1.84,250.0,26.0,287.3,292.9,287.6
700.0,2650.0,-13.1,-14.6,88.0,1.77,250.0,29.0,287.9,293.4,288.3
661.0,3084.0,-16.3,-16.7,97.0,1.57,250.0,32.0,289.1,294.0,289.4
649.0,3222.0,-15.7,-18.7,78.0,1.35,250.0,32.0,291.3,295.6,291.5
637.0,3362.0,-16.9,-20.5,73.0,1.18,250.0,33.0,291.5,295.2,291.7
593.0,3895.0,-21.5,-27.5,58.0,0.68,261.0,32.0,292.2,294.4,292.3
562.0,4288.0,-24.5,-29.8,62.0,0.58,270.0,31.0,293.1,295.1,293.3
552.0,4419.0,-25.5,-30.5,63.0,0.55,267.0,33.0,293.5,295.3,293.6
547.0,4485.0,-26.1,-33.1,52.0,0.43,265.0,33.0,293.5,295.0,293.6
517.0,4891.0,-28.5,-48.5,13.0,0.09,256.0,38.0,295.4,295.7,295.4
500.0,5130.0,-30.1,-51.1,11.0,0.07,250.0,41.0,296.3,296.6,296.3
492.0,5244.0,-30.7,-52.7,10.0,0.06,249.0,43.0,296.9,297.1,296.9
491.0,5259.0,-30.7,-52.7,10.0,0.06,248.0,43.0,297.1,297.3,297.1
473.0,5520.0,-32.7,-52.3,12.0,0.06,245.0,49.0,297.8,298.1,297.8
434.0,6122.0,-37.3,-51.3,22.0,0.08,259.0,49.0,299.4,299.7,299.4
430.0,6186.0,-37.7,-48.9,30.0,0.1,260.0,49.0,299.7,300.1,299.7
421.0,6331.0,-38.5,-43.5,59.0,0.19,254.0,48.0,300.4,301.2,300.5
400.0,6680.0,-41.3,-45.0,67.0,0.17,240.0,47.0,301.2,301.9,301.3
389.0,6865.0,-42.8,-46.1,70.0,0.16,230.0,45.0,301.7,302.3,301.7
350.0,7564.0,-48.5,-50.5,79.0,0.11,240.0,49.0,303.2,303.6,303.2
336.0,7835.0,-50.7,-52.2,84.0,0.09,237.0,50.0,303.8,304.1,303.8
317.0,8209.0,-53.7,-56.1,75.0,0.06,234.0,51.0,304.7,304.9,304.7
300.0,8560.0,-56.3,-58.9,72.0,0.05,230.0,52.0,305.9,306.1,305.9
295.0,8666.0,-57.2,-59.8,72.0,0.04,230.0,54.0,306.1,306.3,306.1
292.0,8731.0,-57.7,-60.4,71.0,0.04,230.0,52.0,306.3,306.4,306.3
287.0,8840.0,-57.3,-64.3,41.0,0.02,232.0,51.0,308.4,308.4,308.4
277.0,9065.0,-55.8,-67.2,23.0,0.02,235.0,47.0,313.7,313.7,313.7
265.0,9347.0,-53.9,-70.9,11.0,0.01,258.0,43.0,320.4,320.5,320.4
264.0,9371.0,-53.9,-71.0,11.0,0.01,260.0,43.0,320.7,320.8,320.7
250.0,9720.0,-54.3,-72.3,9.0,0.01,255.0,43.0,325.2,325.2,325.2
246.0,9824.0,-53.5,-72.3,8.0,0.01,250.0,43.0,327.9,327.9,327.9
245.0,9850.0,-53.3,-72.3,8.0,0.01,251.0,43.0,328.6,328.6,328.6
230.0,10255.0,-54.4,-73.4,8.0,0.01,260.0,39.0,333.0,333.0,333.0
220.0,10539.0,-55.1,-74.1,8.0,0.01,258.0,43.0,336.1,336.1,336.1
200.0,11150.0,-53.5,-73.5,7.0,0.01,255.0,51.0,347.9,347.9,347.9
197.0,11248.0,-53.4,-73.5,7.0,0.01,250.0,49.0,349.6,349.6,349.6
188.0,11550.0,-53.1,-73.4,7.0,0.01,265.0,49.0,354.8,354.9,354.8
169.0,12239.0,-52.3,-73.2,6.0,0.01,260.0,54.0,367.0,367.1,367.0
164.0,12433.0,-52.1,-73.1,6.0,0.01,266.0,53.0,370.5,370.6,370.5
153.0,12882.0,-53.0,-74.0,6.0,0.01,280.0,49.0,376.4,376.4,376.4
150.0,13010.0,-53.3,-74.3,6.0,0.01,280.0,45.0,378.0,378.1,378.0
140.0,13453.0,-53.9,-74.9,6.0,0.01,284.0,42.0,384.5,384.6,384.5
136.0,13637.0,-55.4,-75.7,6.0,0.01,285.0,41.0,385.1,385.1,385.1
131.0,13875.0,-57.3,-76.7,7.0,0.01,280.0,39.0,385.8,385.8,385.8
129.0,13973.0,-58.1,-77.1,7.0,0.01,280.0,41.0,386.1,386.1,386.1
118.0,14536.0,-57.0,-76.6,7.0,0.01,270.0,49.0,398.1,398.2,398.1
112.0,14865.0,-56.3,-76.3,6.0,0.01,274.0,52.0,405.3,405.4,405.3
105.0,15272.0,-57.8,-77.2,7.0,0.01,280.0,56.0,410.1,410.1,410.1
100.0,15580.0,-58.9,-77.9,7.0,0.01,295.0,54.0,413.6,413.7,413.6
93.7,15985.0,-61.9,-80.9,6.0,0.01,290.0,43.0,415.5,415.6,415.5
87.0,16442.0,-62.4,-81.4,6.0,0.01,285.0,49.0,423.4,423.4,423.4
72.0,17607.0,-63.7,-82.7,6.0,0.01,300.0,41.0,444.2,444.2,444.2
70.0,17780.0,-63.9,-82.9,6.0,0.01,295.0,37.0,447.3,447.4,447.3
66.4,18104.0,-63.7,-81.7,7.0,0.01,295.0,38.0,454.6,454.6,454.6
56.0,19134.0,-67.1,-84.5,7.0,0.01,295.0,41.0,469.6,469.6,469.6
50.0,19820.0,-69.3,-86.3,7.0,0.0,280.0,43.0,479.8,479.8,479.8
49.0,19940.0,-69.7,-86.7,7.0,0.0,275.0,45.0,481.5,481.6,481.5
47.7,20100.0,-70.3,-87.3,7.0,0.0,280.0,52.0,483.9,483.9,483.9
41.0,20988.0,-71.6,-88.3,7.0,0.0,290.0,58.0,502.0,502.1,502.0
37.0,21590.0,-72.5,-88.9,7.0,0.0,310.0,52.0,514.7,514.7,514.7
30.0,22820.0,-74.3,-90.3,7.0,0.0,305.0,49.0,541.5,541.6,541.5
28.0,23216.0,-75.1,-90.6,8.0,0.0,295.0,37.0,550.1,550.2,550.1
26.0,23642.0,-75.9,-90.9,8.0,0.0,315.0,35.0,559.5,559.6,559.5
24.0,24102.0,-76.8,-91.2,9.0,0.0,315.0,41.0,569.9,569.9,569.9
20.0,25150.0,-78.9,-91.9,11.0,0.0,300.0,35.0,594.0,594.0,594.0
18.0,25748.0,-79.6,-92.6,10.0,0.0,295.0,43.0,609.9,610.0,609.9
15.0,26783.0,-80.8,-93.8,10.0,0.0,315.0,54.0,638.5,638.5,638.5
14.0,27174.0,-81.3,-94.3,10.0,0.0,320.0,51.0,649.6,649.6,649.6
12.0,28051.0,-79.4,-93.5,8.0,0.01,290.0,47.0,685.5,685.6,685.5
11.0,28546.0,-78.3,-93.1,8.0,0.01,310.0,41.0,706.6,706.7,706.6
10.6,28757.0,-77.9,-92.9,8.0,0.01,310.0,40.0,715.8,715.9,715.8
10.0,29090.0,-79.5,-93.5,9.0,0.01,310.0,39.0,721.9,721.9,721.9
9.0,29683.0,-81.8,-95.0,9.0,0.01,310.0,29.0,735.2,735.2,735.2
8.7,29873.0,-82.5,-95.5,10.0,0.0,307.0,32.0,739.5,739.6,739.5
8.1,30272.0,-82.7,-95.7,10.0,0.01,301.0,38.0,754.0,754.0,754.0
8.0,,,,,,300.0,39.0,,,
