# 48698 WSSS Singapore Observations at 12Z 01 Dec 2019
Frequency [GHz],TB
175.31,275.356188826
175.322,275.338184072
175.337,275.315623912
175.352,275.293003338
175.367,275.270322092
175.382,275.247579955
175.397,275.224776698
175.412,275.201912096
175.427,275.178985906
175.442,275.155997889
175.457,275.132947811
175.472,275.10983544
175.487,275.086660544
175.502,275.06342287
175.517,275.040122177
175.532,275.016758247
175.547,274.993330808
175.562,274.969839642
175.577,274.946284485
175.592,274.922665092
175.607,274.898981232
175.622,274.875232643
175.637,274.851419079
175.652,274.827540279
175.667,274.803596009
175.682,274.779586008
175.697,274.755510021
175.712,274.731367788
175.727,274.707159057
175.742,274.682883572
175.757,274.658541064
175.772,274.634131282
175.787,274.609653954
175.802,274.585108837
175.817,274.560495634
175.832,274.535814116
175.847,274.511063987
175.862,274.486244984
175.877,274.461356846
175.892,274.436399298
175.907,274.41137207
175.922,274.386274881
175.937,274.361107468
175.952,274.335869541
175.967,274.310560827
175.982,274.285181058
175.997,274.259729935
176.012,274.234207192
176.027,274.208612524
176.042,274.182945668
176.057,274.157206328
176.072,274.131394221
176.087,274.105509065
176.102,274.079550548
176.117,274.053518386
176.132,274.027412299
176.147,274.001231983
176.162,273.974977141
176.177,273.948647471
176.192,273.92224269
176.207,273.895762477
176.222,273.869206546
176.237,273.842574576
176.252,273.815866277
176.267,273.789081339
176.282,273.762219452
176.297,273.73528031
176.31,273.711870305
176.312,273.708263584
176.327,273.681168982
176.342,273.653996184
176.357,273.626744864
176.372,273.599414724
176.387,273.572005427
176.402,273.544516647
176.417,273.516948086
176.432,273.489299393
176.447,273.461570256
176.46,273.437473009
176.462,273.433760345
176.477,273.405869335
176.492,273.377896882
176.507,273.349842669
176.522,273.321706351
176.537,273.293487587
176.552,273.265186053
176.567,273.236801404
176.582,273.208333288
176.597,273.179781375
176.612,273.151145307
176.627,273.12242475
176.642,273.093619354
176.657,273.064728756
176.672,273.035752613
176.687,273.006690571
176.702,272.977542276
176.717,272.948307357
176.732,272.918985455
176.747,272.889576217
176.762,272.860079292
176.777,272.830494268
176.792,272.800820829
176.807,272.771058571
176.822,272.741207147
176.837,272.711266154
176.852,272.681235241
176.867,272.651114012
176.882,272.620902101
176.897,272.590599106
176.912,272.560204665
176.927,272.529718385
176.942,272.499139862
176.957,272.468468725
176.972,272.437704566
176.987,272.406846993
177.002,272.375895608
177.017,272.344850015
177.032,272.313709808
177.047,272.2824746
177.062,272.251143949
177.077,272.219717475
177.092,272.188194743
177.107,272.156575368
177.122,272.124858904
177.137,272.093044954
177.152,272.061133083
177.167,272.029122869
177.182,271.997013903
177.197,271.964805722
177.21,271.936811401
177.212,271.932497927
177.227,271.900090072
177.242,271.867581721
177.257,271.834972426
177.272,271.802261754
177.287,271.769449261
177.302,271.736534502
177.31,271.718937992
177.317,271.703517017
177.332,271.670396366
177.347,271.637172086
177.362,271.603843713
177.377,271.570410791
177.392,271.536872854
177.407,271.503229447
177.422,271.469480092
177.437,271.435624299
177.452,271.40166163
177.467,271.367591563
177.482,271.333413644
177.497,271.299127398
177.512,271.26473229
177.527,271.230227873
177.542,271.195613635
177.557,271.16088909
177.572,271.126053713
177.587,271.091107015
177.602,271.056048493
177.617,271.020877629
177.632,270.985593905
177.647,270.950196821
177.66,270.919427225
177.662,270.914685827
177.677,270.87906042
177.692,270.843320066
177.707,270.807464214
177.722,270.77149236
177.737,270.735403945
177.752,270.699198425
177.767,270.662875255
177.782,270.626433887
177.797,270.589873771
177.812,270.553194343
177.827,270.516395039
177.842,270.479475291
177.857,270.442434522
177.872,270.405272171
177.887,270.36798766
177.902,270.330580373
177.917,270.293049774
177.932,270.255395234
177.947,270.217616159
177.96,270.184773118
177.962,270.179711965
177.977,270.141682036
177.992,270.103525751
178.007,270.065242524
178.022,270.026831707
178.037,269.988292694
178.052,269.949624849
178.067,269.91082754
178.082,269.871900125
178.097,269.832841976
178.112,269.793652419
178.127,269.75433082
178.142,269.714876516
178.157,269.675288837
178.172,269.635567121
178.187,269.595710696
178.202,269.555718858
178.217,269.515590958
178.232,269.475326283
178.247,269.434924139
178.262,269.394383817
178.277,269.353704631
178.292,269.31288585
178.307,269.271926747
178.322,269.230826612
178.337,269.189584702
178.352,269.148200288
178.367,269.106672607
178.382,269.065000933
178.397,269.02318449
178.41,268.98682589
178.412,268.981222526
178.427,268.93911426
178.442,268.896858912
178.457,268.854455716
178.472,268.811903866
178.487,268.769202577
178.502,268.726351015
178.517,268.683348395
178.532,268.640193892
178.547,268.596886674
178.562,268.553425915
178.577,268.509810752
178.592,268.466040359
178.607,268.422113866
178.622,268.378030421
178.637,268.333789128
178.652,268.289389117
178.667,268.244829503
178.682,268.200109392
178.697,268.155227856
178.712,268.110183986
178.727,268.064976884
178.742,268.019605576
178.757,267.974069158
178.772,267.928366651
178.787,267.882497108
178.802,267.836459566
178.817,267.790253021
178.832,267.743876522
178.847,267.697329032
178.862,267.650609565
178.877,267.603717098
178.892,267.556650602
178.907,267.509409042
178.922,267.461991367
178.937,267.414396512
178.952,267.36662341
178.967,267.318670982
178.982,267.270538131
178.997,267.222223763
179.012,267.173726752
179.027,267.125045973
179.042,267.076180291
179.057,267.027128555
179.072,266.977889596
179.087,266.928462249
179.102,266.878845334
179.117,266.829037635
179.132,266.779037939
179.147,266.728845036
179.16,266.685187274
179.162,266.678457685
179.177,266.627874616
179.192,266.577094588
179.207,266.526116306
179.222,266.47493849
179.237,266.423559823
179.252,266.371979001
179.267,266.320194667
179.282,266.268205478
179.297,266.216010079
179.312,266.163607074
179.327,266.110995083
179.342,266.058172704
179.357,266.00513847
179.372,265.951890982
179.387,265.898428765
179.402,265.844750345
179.417,265.790854224
179.432,265.7367389
179.447,265.682402857
179.462,265.627844529
179.477,265.573062382
179.492,265.518054822
179.507,265.462820263
179.522,265.407357072
179.537,265.351663634
179.552,265.295738291
179.567,265.23957937
179.582,265.183185197
179.597,265.12655403
179.612,265.069684168
179.627,265.012573856
179.642,264.955221319
179.657,264.897624761
179.672,264.839782379
179.687,264.781692327
179.702,264.723352772
179.717,264.664761825
179.732,264.605917582
179.747,264.546818136
179.762,264.487461538
179.777,264.427845818
179.792,264.367968985
179.807,264.307829034
179.822,264.247423922
179.837,264.186751589
179.852,264.125809935
179.867,264.06459688
179.882,264.003110254
179.897,263.941347914
179.91,263.887595847
179.912,263.879307685
179.927,263.81698732
179.942,263.754384605
179.957,263.691497267
179.972,263.628323001
179.987,263.564859499
180.002,263.501104406
180.017,263.437055345
180.032,263.372709908
180.047,263.308065671
180.062,263.243120154
180.077,263.177870886
180.092,263.112315305
180.107,263.046450887
180.122,262.980275048
180.137,262.913785164
180.152,262.846978584
180.167,262.779852635
180.182,262.712404606
180.197,262.644631748
180.212,262.576531293
180.227,262.50810044
180.242,262.439336326
180.257,262.370236075
180.272,262.3007968
180.287,262.231015522
180.302,262.16088929
180.317,262.090415069
180.332,262.019589811
180.347,261.948410425
180.362,261.876873794
180.377,261.804976729
180.392,261.732716062
180.407,261.660088556
180.422,261.587090904
180.437,261.513719813
180.452,261.439971921
180.467,261.365843834
180.482,261.291332128
180.497,261.216433316
180.512,261.141143894
180.527,261.065460294
180.542,260.98937894
180.557,260.912896159
180.56,260.897551111
180.572,260.836008292
180.587,260.758711618
180.602,260.681002356
180.617,260.60287669
180.632,260.524330777
180.647,260.445360699
180.66,260.376573833
180.662,260.365962532
180.677,260.286132276
180.692,260.20586587
180.707,260.125159264
180.722,260.044008314
180.737,259.962408834
180.752,259.880356601
180.767,259.797847334
180.782,259.714876715
180.797,259.631440376
180.812,259.547533875
180.827,259.463152761
180.842,259.378292488
180.857,259.292948488
180.872,259.207116137
180.887,259.120790734
180.902,259.033967558
180.917,258.946641817
180.932,258.85880866
180.947,258.770463204
180.962,258.681600475
180.977,258.592215474
180.992,258.502303131
181.007,258.411858315
181.022,258.320875852
181.037,258.22935048
181.052,258.137276905
181.067,258.044649771
181.082,257.951463652
181.097,257.857713055
181.112,257.763392424
181.127,257.668496162
181.142,257.573018577
181.157,257.476953951
181.172,257.380296445
181.187,257.28304021
181.202,257.185179294
181.217,257.086707697
181.232,256.987619322
181.247,256.887908042
181.262,256.787567626
181.277,256.686591799
181.292,256.584974198
181.307,256.482708375
181.31,256.462176846
181.322,256.37978784
181.337,256.276205995
181.352,256.171956205
181.367,256.067031733
181.382,255.961425773
181.397,255.855131435
181.412,255.74814177
181.427,255.640449741
181.442,255.532048239
181.457,255.422930064
181.472,255.31308795
181.487,255.20251456
181.502,255.091202453
181.517,254.979144154
181.532,254.866332068
181.547,254.752758535
181.562,254.638415847
181.577,254.523296195
181.592,254.4073917
181.607,254.290694413
181.622,254.173196339
181.637,254.054889371
181.652,253.93576535
181.667,253.815816106
181.682,253.695033347
181.697,253.573408735
181.712,253.450933935
181.727,253.327600493
181.742,253.203399952
181.757,253.078323828
181.772,252.952363588
181.787,252.825510675
181.802,252.697756521
181.817,252.569092587
181.832,252.43951029
181.847,252.309001066
181.862,252.177556401
181.877,252.045167809
181.892,251.911826839
181.907,251.7775251
181.922,251.64225432
181.937,251.506006291
181.952,251.368772908
181.967,251.230546208
181.982,251.091318411
181.997,250.951081861
182.012,250.80982913
182.027,250.667553009
182.042,250.524246542
182.057,250.379903034
182.06,250.350909313
182.072,250.23451611
182.087,250.088079745
182.102,249.940588263
182.117,249.792036426
182.132,249.642419438
182.147,249.491732978
182.162,249.339973266
182.177,249.187137104
182.192,249.033221929
182.207,248.878225817
182.222,248.722147613
182.237,248.564986903
182.252,248.406744163
182.267,248.247420708
182.282,248.087018859
182.297,247.925541928
182.312,247.762994354
182.327,247.599381711
182.342,247.434710845
182.357,247.268989875
182.372,247.102228347
182.387,246.934437249
182.402,246.765629164
182.417,246.595818273
182.432,246.425020517
182.447,246.253253675
182.462,246.080537413
182.477,245.906893414
182.492,245.732345541
182.507,245.55691976
182.522,245.380644476
182.537,245.20355043
182.552,245.025670992
182.567,244.847042086
182.582,244.66770245
182.597,244.487693701
182.612,244.30706044
182.627,244.125850391
182.642,243.944114495
182.657,243.761907063
182.672,243.579285874
182.687,243.396312311
182.702,243.213051479
182.717,243.029572293
182.732,242.84594765
182.747,242.662254497
182.762,242.478573962
182.777,242.294991399
182.792,242.11159654
182.807,241.928483462
182.822,241.745750776
182.837,241.563501456
182.852,241.381842964
182.867,241.200887105
182.882,241.020749924
182.897,240.841551555
182.912,240.663415896
182.927,240.486470262
182.942,240.310844948
182.957,240.136672599
182.972,239.964087484
182.987,239.793224575
183.002,239.62421849
183.017,239.457202218
183.032,239.29230569
183.047,239.12965423
183.062,238.969366791
183.077,238.811554437
183.092,238.656318876
183.107,238.503751832
183.122,238.353935733
183.137,238.206947516
183.152,238.062867716
183.167,237.921800154
183.182,237.783910685
183.197,237.649500949
183.212,237.51914277
183.227,237.393911644
183.242,237.275760625
183.257,237.16803399
183.367,237.179396387
183.382,237.286389634
183.397,237.402836243
183.412,237.525794943
183.427,237.653576607
183.442,237.785260337
183.457,237.920358204
183.472,238.058610968
183.487,238.199872108
183.502,238.344045026
183.517,238.491050104
183.532,238.64080845
183.547,238.793234338
183.562,238.948232539
183.577,239.105697928
183.592,239.265516442
183.607,239.42756657
183.622,239.591720948
183.637,239.757848088
183.652,239.925813862
183.667,240.095482923
183.682,240.266719918
183.697,240.439390516
183.712,240.613362217
183.727,240.788505132
183.742,240.964692527
183.757,241.141801174
183.772,241.319711822
183.787,241.498309323
183.802,241.677482867
183.817,241.85712604
183.832,242.037136904
183.847,242.217418009
183.862,242.397876345
183.877,242.578423293
183.892,242.758974558
183.907,242.939450133
183.922,243.119774115
183.937,243.299874643
183.952,243.47968377
183.967,243.659137347
183.982,243.838174932
183.997,244.016739611
184.012,244.194777908
184.027,244.372239692
184.042,244.549077971
184.057,244.725248854
184.072,244.900711381
184.087,245.075427437
184.102,245.249361645
184.117,245.422481194
184.132,245.594755795
184.147,245.766157541
184.162,245.936660792
184.177,246.106242102
184.192,246.274880109
184.207,246.442555407
184.222,246.609250502
184.237,246.774949672
184.252,246.939638922
184.267,247.103305842
184.282,247.265939558
184.297,247.427530666
184.312,247.5880711
184.327,247.747554114
184.342,247.905974149
184.357,248.063326823
184.372,248.219608805
184.387,248.374817783
184.402,248.528952402
184.417,248.682012188
184.432,248.833997475
184.447,248.984909398
184.462,249.134749786
184.477,249.283521157
184.492,249.431226638
184.507,249.577869908
184.522,249.723455221
184.537,249.86798727
184.552,250.011471213
184.56,250.087569341
184.567,250.153912633
184.582,250.295317468
184.597,250.43569197
184.612,250.575042779
184.627,250.713376724
184.642,250.850700935
184.657,250.987022763
184.672,251.122349756
184.687,251.256689614
184.702,251.390050223
184.717,251.522439592
184.732,251.653865823
184.747,251.784337162
184.762,251.913861899
184.777,252.042448406
184.792,252.170105096
184.807,252.29684043
184.822,252.422662891
184.837,252.547580997
184.852,252.671603238
184.867,252.794738109
184.882,252.916994133
184.897,253.038379751
184.912,253.15890342
184.927,253.278573559
184.942,253.397398519
184.957,253.515386633
184.972,253.632546185
184.987,253.748885383
185.002,253.864412397
185.017,253.979135339
185.032,254.093062229
185.047,254.206201052
185.062,254.318559708
185.077,254.430146025
185.092,254.540967771
185.107,254.651032612
185.122,254.760348176
185.137,254.868921983
185.152,254.976761496
185.167,255.083874096
185.182,255.190267066
185.197,255.295947646
185.212,255.400922969
185.227,255.505200104
185.242,255.60878603
185.257,255.711687661
185.272,255.813911845
185.287,255.915465311
185.302,256.016354741
185.31,256.069893203
185.317,256.116586742
185.332,256.216167835
185.347,256.315104471
185.362,256.413403028
185.377,256.511069813
185.392,256.608111047
185.407,256.704532881
185.422,256.800341418
185.437,256.895542671
185.452,256.99014256
185.467,257.084147002
185.482,257.177561768
185.497,257.270392628
185.512,257.362645244
185.527,257.454325229
185.542,257.545438122
185.557,257.635989408
185.572,257.725984496
185.587,257.815428753
185.602,257.904327477
185.617,257.99268589
185.632,258.080509156
185.647,258.167802421
185.662,258.25457069
185.677,258.340819
185.692,258.426552281
185.707,258.511775414
185.722,258.596493219
185.737,258.680710486
185.752,258.764431914
185.767,258.847662176
185.782,258.930405896
185.797,259.01266761
185.812,259.094451837
185.827,259.175763037
185.842,259.256605596
185.857,259.336983898
185.872,259.416902237
185.887,259.496364849
185.902,259.575375969
185.917,259.653939755
185.932,259.732060316
185.947,259.80974171
185.96,259.87671346
185.962,259.886987975
185.977,259.963803062
185.992,260.040190933
186.007,260.116155443
186.022,260.191700444
186.037,260.266829743
186.052,260.341547067
186.06,260.381229155
186.067,260.415856167
186.082,260.489760677
186.097,260.563264238
186.112,260.636370433
186.127,260.709082815
186.142,260.781404871
186.157,260.853340085
186.172,260.924891861
186.187,260.996063599
186.202,261.066858647
186.217,261.137280289
186.232,261.207331827
186.247,261.277016469
186.262,261.346337422
186.277,261.415297853
186.292,261.483900859
186.307,261.552149552
186.322,261.620046964
186.337,261.687596117
186.352,261.754800003
186.367,261.821661555
186.382,261.888183687
186.397,261.954369278
186.412,262.020221167
186.427,262.085742187
186.442,262.150935096
186.457,262.215802654
186.472,262.280347586
186.487,262.344572559
186.502,262.40848024
186.517,262.472073243
186.532,262.535354153
186.547,262.59832556
186.562,262.660989965
186.577,262.723349891
186.592,262.785407816
186.607,262.847166177
186.622,262.908627402
186.637,262.96979386
186.652,263.030667944
186.667,263.091251966
186.682,263.151548233
186.697,263.211559041
186.71,263.263339248
186.712,263.271286641
186.727,263.330733258
186.742,263.389901101
186.757,263.448792344
186.772,263.50740914
186.787,263.565753615
186.802,263.623827882
186.817,263.681634018
186.832,263.739174085
186.847,263.796450101
186.862,263.853464084
186.877,263.910218031
186.892,263.966713883
186.907,264.022953599
186.922,264.078939093
186.937,264.134672264
186.952,264.190154983
186.967,264.245389109
186.982,264.300376474
186.997,264.355118898
187.012,264.409618176
187.027,264.463876059
187.042,264.517894314
187.057,264.57167469
187.072,264.625218881
187.087,264.67852858
187.102,264.731605477
187.117,264.784451209
187.132,264.837067435
187.147,264.889455764
187.162,264.941617803
187.177,264.993555136
187.192,265.045269312
187.207,265.096761923
187.222,265.148034469
187.237,265.199088478
187.252,265.249925439
187.267,265.30054685
187.282,265.350954184
187.297,265.401148859
187.312,265.45113234
187.327,265.500906044
187.342,265.55047137
187.357,265.599829705
187.372,265.648982441
187.387,265.697930925
187.402,265.746676499
187.417,265.795220499
187.432,265.843564249
187.447,265.89170905
187.46,265.933274602
187.462,265.939656187
187.477,265.987406929
187.492,266.034962575
187.507,266.082324328
187.522,266.129493455
187.537,266.176471171
187.552,266.223258698
187.567,266.269857216
187.582,266.316267926
187.597,266.362491992
187.612,266.408530594
187.627,266.454384871
187.642,266.500055966
187.657,266.545544994
187.672,266.590853088
187.687,266.635981351
187.702,266.680930876
187.717,266.725702739
187.732,266.770298008
187.747,266.814717769
187.762,266.858963051
187.777,266.903034903
187.792,266.946934363
187.807,266.990662441
187.822,267.034220151
187.837,267.077608496
187.852,267.120828462
187.867,267.163881043
187.882,267.206767217
187.897,267.249487904
187.912,267.292044119
187.927,267.334436766
187.942,267.376666799
187.957,267.418735129
187.972,267.460642693
187.987,267.502390392
188.002,267.543979128
188.017,267.585409802
188.032,267.626683294
188.047,267.667800485
188.062,267.708762232
188.077,267.749569418
188.092,267.790222872
188.107,267.830723446
188.122,267.87107199
188.137,267.911269324
188.152,267.951316287
188.167,267.991213676
188.182,268.030962304
188.197,268.070562983
188.21,268.104764507
188.212,268.110016498
188.227,268.149323637
188.242,268.188485191
188.257,268.227501909
188.272,268.266374591
188.287,268.305103979
188.302,268.343690833
188.317,268.382135901
188.332,268.420439915
188.347,268.458603621
188.362,268.49662774
188.377,268.534513005
188.392,268.57226013
188.407,268.609869816
188.422,268.647342783
188.437,268.684679724
188.452,268.721881335
188.467,268.758948301
188.482,268.795881299
188.497,268.832681009
188.512,268.869348116
188.527,268.905883274
188.542,268.942287135
188.557,268.978560373
188.572,269.014703625
188.587,269.050717548
188.602,269.086602777
188.617,269.122359935
188.632,269.15798967
188.647,269.193492593
188.66,269.224159704
188.662,269.22886933
188.677,269.26412051
188.692,269.299246723
188.707,269.334248581
188.722,269.369126703
188.737,269.403881659
188.752,269.438514057
188.767,269.473024481
188.782,269.507413531
188.797,269.541681759
188.812,269.57582976
188.827,269.609858092
188.842,269.643767333
188.857,269.677558042
188.872,269.711230777
188.887,269.744786085
188.902,269.77822454
188.917,269.811546671
188.932,269.844753008
188.947,269.877844118
188.96,269.906430276
188.962,269.910820515
188.977,269.943682736
188.992,269.976431325
189.007,270.009066772
189.022,270.04158963
189.037,270.074000403
189.052,270.106299597
189.067,270.138487729
189.082,270.1705653
189.097,270.202532818
189.112,270.234390783
189.127,270.26613969
189.142,270.297780021
189.157,270.329312285
189.172,270.360736945
189.187,270.392054506
189.202,270.423265423
189.217,270.454370195
189.232,270.485369282
189.247,270.516263152
189.262,270.547052295
189.277,270.577737152
189.292,270.608318166
189.307,270.638795844
189.31,270.644879019
189.322,270.669170611
189.337,270.699442911
189.352,270.729613221
189.367,270.759681963
189.382,270.789649583
189.397,270.819516537
189.41,270.845320122
189.412,270.849283241
189.427,270.878950153
189.442,270.908517694
189.457,270.937986295
189.472,270.967356374
189.487,270.996628374
189.502,271.025802703
189.517,271.054879779
189.532,271.083860037
189.547,271.112743864
189.562,271.141531691
189.577,271.170223912
189.592,271.198820958
189.607,271.22732321
189.622,271.255731085
189.637,271.284044971
189.652,271.312265262
189.667,271.340392365
189.682,271.368426666
189.697,271.396368566
189.712,271.42421843
189.727,271.451976665
189.742,271.479643639
189.757,271.507219745
189.772,271.534705363
189.787,271.562100847
189.802,271.589406594
189.817,271.616622967
189.832,271.643750343
189.847,271.670789085
189.862,271.697739571
189.877,271.724602131
189.892,271.751377176
189.907,271.778065013
189.922,271.804666036
189.937,271.831180598
189.952,271.857609042
189.967,271.883951719
189.982,271.910208983
189.997,271.936381197
190.012,271.962468683
190.027,271.988471791
190.042,272.014390866
190.057,272.040226249
190.072,272.065978286
190.087,272.091647292
190.102,272.117233625
190.117,272.142737603
190.132,272.168159564
190.147,272.193499855
190.16,272.215395593
190.162,272.218758766
190.177,272.243936643
190.192,272.269033814
190.207,272.2940506
190.222,272.318987306
190.237,272.343844266
190.252,272.3686218
190.267,272.393320212
190.282,272.417939823
190.297,272.442480948
190.31,272.46368668
190.312,272.46694389
190.327,272.491328975
190.342,272.515636486
190.357,272.53986674
190.372,272.564020051
190.387,272.588096698
190.402,272.612097008
190.417,272.636021261
190.432,272.65986977
190.447,272.683642824
190.462,272.70734071
190.477,272.730963737
190.492,272.754512198
190.507,272.777986364
190.522,272.801386546
190.537,272.824713001
190.552,272.847966052
190.567,272.871145966
190.582,272.894253031
190.597,272.917287522
190.612,272.940249711
190.627,272.963139904
190.642,272.985958352
190.657,273.00870535
190.672,273.031381156
190.687,273.053986075
190.702,273.07652033
190.717,273.098984235
190.732,273.121378031
190.747,273.143702006
190.762,273.165956411
190.777,273.18814153
190.792,273.210257606
190.807,273.23230492
190.822,273.254283719
190.837,273.276194278
190.852,273.298036848
190.867,273.319811685
190.882,273.34151905
190.897,273.363159199
190.912,273.384732373
190.927,273.406238837
190.942,273.427678838
190.957,273.449052632
190.972,273.470360476
190.987,273.491602586
191.002,273.512779243
191.017,273.533890684
191.032,273.554937138
191.047,273.575918872
191.062,273.596836103
191.077,273.61768908
191.092,273.638478069
191.107,273.659203264
191.122,273.679864938
191.137,273.700463312
191.152,273.720998623
191.167,273.741471117
191.182,273.761881005
191.197,273.782228535
191.212,273.802513943
191.227,273.822737427
191.242,273.842899246
191.257,273.86299963
191.272,273.883038785
191.287,273.903016957
191.302,273.922934363
191.31,273.933532193
