# 10410 EDZE Essen Observations at 12Z 26 Feb 2020
p [hPa],z [m],T [C],T_dew [C],RH [%],r [g/kg],wdir [deg],SKNT [knot],THTA [K],THTE [K],THTV [K]
1000.0,-11.0,,,,,,,,,
981.0,147.0,1.2,1.2,100.0,4.27,265.0,6.0,275.9,287.6,276.6
964.0,286.0,0.4,0.4,100.0,4.1,260.0,17.0,276.4,287.8,277.1
925.0,614.0,-1.5,-1.5,100.0,3.72,295.0,23.0,277.8,288.2,278.4
923.0,631.0,-1.6,-1.6,100.0,3.7,295.0,23.0,277.8,288.2,278.4
850.0,1283.0,-5.7,-5.7,100.0,2.95,310.0,27.0,280.2,288.6,280.7
845.0,1329.0,-6.0,-6.1,100.0,2.89,310.0,27.0,280.3,288.6,280.8
762.0,2131.0,-11.7,-12.3,95.0,1.96,304.0,28.0,282.6,288.4,282.9
717.0,2595.0,-14.5,-22.5,51.0,0.88,301.0,29.0,284.4,287.2,284.6
708.0,2690.0,-15.5,-17.8,83.0,1.34,300.0,29.0,284.4,288.5,284.6
705.0,2722.0,-15.7,-18.1,82.0,1.31,300.0,29.0,284.5,288.5,284.7
700.0,2776.0,-16.1,-18.6,81.0,1.27,300.0,29.0,284.6,288.5,284.9
693.0,2852.0,-16.5,-19.2,80.0,1.22,300.0,29.0,285.0,288.8,285.2
681.0,2982.0,-17.3,-27.3,41.0,0.6,299.0,28.0,285.5,287.5,285.6
670.0,3104.0,-18.3,-24.3,59.0,0.8,298.0,27.0,285.7,288.3,285.9
668.0,3126.0,-18.5,-30.5,34.0,0.45,298.0,27.0,285.8,287.3,285.8
662.0,3193.0,-18.9,-23.3,68.0,0.89,298.0,26.0,286.1,288.9,286.2
659.0,3227.0,-19.1,-25.1,59.0,0.76,297.0,26.0,286.2,288.6,286.3
651.0,3318.0,-19.7,-27.7,49.0,0.61,297.0,25.0,286.5,288.5,286.6
626.0,3605.0,-22.1,-30.6,46.0,0.48,295.0,23.0,287.1,288.6,287.1
605.0,3856.0,-24.1,-33.1,43.0,0.39,308.0,20.0,287.5,288.8,287.6
594.0,3988.0,-25.3,-32.9,49.0,0.41,315.0,17.0,287.6,289.0,287.7
561.0,4400.0,-29.1,-32.2,75.0,0.46,294.0,23.0,287.9,289.4,288.0
552.0,4516.0,-29.9,-35.9,56.0,0.33,288.0,24.0,288.3,289.4,288.3
547.0,4580.0,-30.5,-36.3,57.0,0.32,285.0,25.0,288.3,289.4,288.4
500.0,5210.0,-36.3,-39.8,70.0,0.24,285.0,21.0,288.7,289.6,288.8
483.0,5449.0,-38.5,-41.2,76.0,0.22,288.0,20.0,288.9,289.6,288.9
447.0,5975.0,-43.3,-46.6,70.0,0.13,296.0,17.0,289.3,289.8,289.3
431.0,6219.0,-45.7,-46.3,94.0,0.14,300.0,16.0,289.3,289.8,289.3
429.0,6249.0,-46.0,-47.0,90.0,0.13,300.0,16.0,289.3,289.8,289.3
408.0,6581.0,-49.1,-54.1,56.0,0.06,275.0,13.0,289.5,289.7,289.5
404.0,6645.0,-49.7,-53.6,63.0,0.06,270.0,12.0,289.5,289.7,289.5
402.0,6677.0,-50.1,-55.1,55.0,0.05,267.0,12.0,289.4,289.6,289.4
400.0,6710.0,-50.3,-55.3,55.0,0.05,265.0,12.0,289.5,289.7,289.6
397.0,6759.0,-50.7,-55.6,56.0,0.05,265.0,12.0,289.6,289.8,289.6
379.0,7060.0,-53.3,-57.5,60.0,0.04,274.0,17.0,290.1,290.2,290.1
377.0,7094.0,-53.5,-58.5,54.0,0.04,275.0,17.0,290.2,290.4,290.3
361.0,7374.0,-52.9,-75.9,5.0,0.0,292.0,18.0,294.7,294.7,294.7
340.0,7761.0,-52.8,-75.8,5.0,0.0,315.0,19.0,299.9,300.0,299.9
324.0,8073.0,-52.7,-75.7,5.0,0.0,295.0,25.0,304.2,304.3,304.2
312.0,8317.0,-52.6,-75.6,5.0,0.0,305.0,35.0,307.7,307.7,307.7
300.0,8570.0,-52.5,-75.5,5.0,0.0,310.0,35.0,311.2,311.3,311.2
290.0,8789.0,-51.9,-76.4,4.0,0.0,310.0,37.0,315.1,315.1,315.1
258.0,9546.0,-49.9,-79.5,2.0,0.0,285.0,37.0,328.9,328.9,328.9
250.0,9750.0,-49.3,-80.3,1.0,0.0,290.0,43.0,332.6,332.6,332.6
200.0,11220.0,-48.9,-80.9,1.0,0.0,290.0,51.0,355.2,355.2,355.2
195.0,11386.0,-48.7,-81.7,1.0,0.0,292.0,51.0,358.1,358.1,358.1
189.0,11590.0,-48.8,-81.9,1.0,0.0,295.0,51.0,361.2,361.2,361.2
150.0,13100.0,-49.1,-83.1,1.0,0.0,280.0,52.0,385.2,385.3,385.2
139.0,13596.0,-49.9,-83.5,1.0,0.0,285.0,60.0,392.4,392.4,392.4
100.0,15740.0,-53.1,-85.1,1.0,0.0,270.0,52.0,424.9,424.9,424.9
77.0,17411.0,-55.1,-86.4,1.0,0.0,280.0,56.0,453.5,453.5,453.5
70.0,18020.0,-55.9,-86.9,1.0,0.0,270.0,51.0,464.4,464.5,464.4
68.0,18203.0,-56.4,-87.1,1.0,0.0,265.0,54.0,467.2,467.2,467.2
57.0,19316.0,-59.6,-88.3,1.0,0.0,280.0,60.0,484.1,484.2,484.1
53.6,19704.0,-60.7,-88.7,1.0,0.0,278.0,62.0,490.2,490.2,490.2
50.0,20140.0,-58.7,-88.7,1.0,0.0,275.0,64.0,504.7,504.7,504.7
45.0,20803.0,-57.6,-88.3,1.0,0.0,260.0,62.0,522.9,522.9,522.9
43.1,21075.0,-57.1,-88.1,1.0,0.0,261.0,63.0,530.5,530.6,530.5
38.0,21866.0,-58.0,-88.7,1.0,0.0,265.0,66.0,547.6,547.6,547.6
34.0,22564.0,-58.9,-89.2,1.0,0.0,270.0,66.0,563.1,563.2,563.1
30.3,23288.0,-59.7,-89.7,1.0,0.0,252.0,45.0,579.7,579.7,579.7
30.0,23350.0,-59.9,-89.9,1.0,0.0,250.0,43.0,580.8,580.8,580.8
26.4,24138.0,-64.7,-90.7,2.0,0.0,270.0,60.0,588.8,588.8,588.8
23.0,24986.0,-61.8,-90.9,1.0,0.0,275.0,76.0,621.1,621.2,621.1
22.1,25231.0,-60.9,-90.9,1.0,0.0,271.0,73.0,630.8,630.8,630.8
20.0,25850.0,-61.3,-90.3,1.0,0.01,260.0,66.0,647.8,647.9,647.8
19.0,26166.0,-62.6,-90.8,1.0,0.01,260.0,62.0,653.2,653.3,653.2
17.7,26601.0,-64.5,-91.5,1.0,0.01,268.0,73.0,660.7,660.7,660.7
16.0,27215.0,-65.2,-91.8,1.0,0.01,280.0,87.0,677.6,677.6,677.6
14.0,28027.0,-66.2,-92.3,2.0,0.01,265.0,72.0,700.6,700.6,700.6
13.9,28070.0,-66.3,-92.3,2.0,0.01,265.0,72.0,701.8,701.9,701.8
13.1,28432.0,-62.5,-91.5,1.0,0.01,265.0,76.0,726.9,727.0,726.9
11.6,29177.0,-65.5,-91.5,2.0,0.01,265.0,84.0,741.9,742.0,741.9
10.0,30080.0,-64.7,-91.7,1.0,0.01,265.0,93.0,777.0,777.1,777.0
9.0,30727.0,-63.9,-91.2,1.0,0.01,265.0,105.0,803.9,804.0,803.9
8.7,30935.0,-63.6,-91.1,1.0,0.01,265.0,105.0,812.7,812.8,812.7
7.3,32011.0,-62.3,-90.3,1.0,0.02,269.0,97.0,859.9,860.1,859.9
7.0,,,,,,270.0,95.0,,,
