# 01004 ENAS Ny-Alesund Ii Observations at 12Z 19 May 2019
p [hPa],z [m],T [C],T_dew [C],RH [%],r [g/kg],wdir [deg],SKNT [knot],THTA [K],THTE [K],THTV [K]
1030.0,8,23.0,19.2,79,13.79,280.0,10.0,293.7,333.1,296.1
1029.0,16,-3.3,-6.5,79,2.29,280.0,10.0,267.6,274.0,268.0
1000.0,249,-5.7,-7.8,85,2.13,285.0,10.0,267.4,273.4,267.8
978.0,422,-7.0,-8.5,89,2.06,285.0,12.0,267.8,273.6,268.2
937.0,754,-9.5,-9.9,97,1.93,0.0,2.0,268.6,274.0,268.9
925.0,854,-10.3,-10.3,100,1.9,350.0,6.0,268.8,274.1,269.1
894.0,1116,-11.9,-12.2,98,1.69,342.0,8.0,269.8,274.5,270.0
888.0,1167,-9.9,-15.9,62,1.25,341.0,8.0,272.3,276.0,272.5
867.0,1352,-9.2,-14.5,65,1.44,335.0,10.0,274.9,279.1,275.1
850.0,1505,-8.7,-13.4,69,1.61,330.0,14.0,277.0,281.7,277.3
849.0,1514,-8.7,-13.3,69,1.62,330.0,14.0,277.1,281.9,277.4
842.0,1578,-9.5,-25.5,26,0.57,329.0,14.0,276.9,278.7,277.0
832.0,1671,-8.5,-19.5,41,0.99,327.0,15.0,278.9,281.9,279.1
795.0,2024,-6.9,-23.9,24,0.7,321.0,17.0,284.3,286.5,284.4
770.0,2273,-7.7,-29.7,15,0.43,317.0,19.0,286.0,287.4,286.1
762.0,2354,-7.7,-20.7,34,0.97,316.0,19.0,286.9,289.9,287.1
759.0,2385,-7.7,-23.7,26,0.75,315.0,19.0,287.2,289.6,287.3
704.0,2964,-12.7,-21.3,49,1.0,305.0,23.0,287.9,291.1,288.1
700.0,3008,-13.1,-21.1,51,1.02,305.0,23.0,287.9,291.2,288.1
698.0,3030,-13.1,-22.1,47,0.94,306.0,24.0,288.2,291.2,288.4
675.0,3284,-14.5,-18.4,72,1.34,316.0,30.0,289.4,293.6,289.6
666.0,3384,-15.3,-18.8,75,1.31,320.0,33.0,289.6,293.6,289.8
627.0,3835,-19.2,-20.6,89,1.19,320.0,27.0,290.2,294.0,290.4
614.0,3991,-20.5,-21.2,94,1.15,307.0,25.0,290.4,294.1,290.6
592.0,4260,-20.9,-28.7,50,0.61,285.0,21.0,292.9,295.0,293.1
585.0,4348,-21.1,-31.1,40,0.49,288.0,22.0,293.8,295.4,293.9
555.0,4733,-23.0,-34.5,34,0.37,300.0,23.0,296.0,297.3,296.1
529.0,5084,-24.7,-37.7,29,0.28,300.0,23.0,298.0,299.0,298.1
521.0,5194,-25.7,-37.7,32,0.29,300.0,23.0,298.1,299.1,298.2
517.0,5250,-26.1,-30.8,65,0.57,300.0,23.0,298.3,300.2,298.4
501.0,5476,-28.1,-31.8,71,0.54,300.0,23.0,298.6,300.4,298.6
500.0,5490,-28.1,-31.8,71,0.54,300.0,23.0,298.7,300.6,298.8
448.0,6269,-35.1,-36.6,86,0.37,292.0,25.0,299.4,300.8,299.5
438.0,6425,-36.5,-38.6,80,0.31,290.0,25.0,299.6,300.7,299.7
428.0,6586,-37.9,-40.7,75,0.26,293.0,25.0,299.8,300.7,299.9
400.0,7050,-40.9,-50.9,33,0.09,300.0,25.0,301.8,302.1,301.8
387.0,7273,-42.5,-54.5,26,0.06,299.0,25.0,302.5,302.8,302.5
340.0,8132,-49.7,-54.7,56,0.07,296.0,22.0,304.1,304.4,304.1
328.0,8366,-50.1,-59.1,34,0.04,295.0,21.0,306.7,306.9,306.7
316.0,8610,-48.9,-64.9,14,0.02,299.0,21.0,311.7,311.7,311.7
311.0,8714,-48.9,-65.8,12,0.02,300.0,21.0,313.1,313.2,313.1
300.0,8950,-48.9,-67.9,9,0.01,300.0,25.0,316.3,316.4,316.3
285.0,9288,-47.3,-76.3,2,0.0,299.0,27.0,323.3,323.3,323.3
250.0,10160,-45.1,-80.1,1,0.0,295.0,31.0,338.9,338.9,338.9
238.0,10493,-44.3,-80.6,1,0.0,290.0,29.0,344.9,344.9,344.9
230.0,10724,-43.8,-81.0,1,0.0,295.0,33.0,349.1,349.1,349.1
221.0,10994,-43.1,-81.4,1,0.0,305.0,27.0,354.1,354.1,354.1
208.0,11405,-42.1,-82.1,1,0.0,290.0,23.0,361.8,361.8,361.8
200.0,11670,-41.5,-82.5,0,0.0,300.0,27.0,366.9,366.9,366.9
193.0,11911,-41.3,-82.3,0,0.0,309.0,24.0,371.0,371.0,371.0
192.0,11946,-41.3,-82.3,0,0.0,310.0,23.0,371.5,371.5,371.5
174.0,12610,-42.0,-82.6,0,0.0,290.0,23.0,380.9,380.9,380.9
168.0,12846,-42.3,-82.7,0,0.0,310.0,21.0,384.3,384.3,384.3
162.0,13091,-42.5,-82.9,0,0.0,295.0,23.0,387.9,387.9,387.9
156.0,13346,-42.8,-83.0,0,0.0,305.0,25.0,391.6,391.7,391.6
150.0,13610,-43.1,-83.1,0,0.0,305.0,19.0,395.6,395.6,395.6
145.0,13837,-43.3,-83.2,0,0.0,295.0,19.0,399.1,399.1,399.1
131.0,14519,-43.8,-83.5,0,0.0,315.0,21.0,409.9,409.9,409.9
126.0,14780,-44.0,-83.6,0,0.0,305.0,21.0,414.1,414.1,414.1
118.0,15220,-44.4,-83.8,0,0.0,325.0,16.0,421.2,421.3,421.2
109.0,15752,-44.8,-84.0,0,0.0,300.0,21.0,430.1,430.1,430.1
102.0,16197,-45.2,-84.2,0,0.0,325.0,23.0,437.6,437.7,437.6
100.0,16330,-45.3,-84.3,0,0.0,305.0,21.0,439.9,439.9,439.9
95.0,16671,-45.5,-84.5,0,0.0,320.0,27.0,446.1,446.1,446.1
91.0,16957,-45.6,-84.6,0,0.0,325.0,19.0,451.3,451.3,451.3
85.0,17410,-45.9,-84.8,0,0.0,310.0,19.0,459.7,459.7,459.7
79.0,17896,-46.1,-85.1,0,0.0,315.0,23.0,468.9,468.9,468.9
72.0,18513,-46.4,-85.4,0,0.0,355.0,14.0,480.9,480.9,480.9
71.0,18606,-46.5,-85.5,0,0.0,345.0,10.0,482.7,482.7,482.7
70.0,18700,-46.5,-85.5,0,0.0,320.0,10.0,484.5,484.6,484.5
69.0,18795,-46.8,-85.8,0,0.0,300.0,12.0,485.9,486.0,485.9
68.0,18892,-47.0,-86.0,0,0.0,295.0,17.0,487.4,487.4,487.4
67.8,18912,-47.1,-86.1,0,0.0,298.0,18.0,487.7,487.7,487.7
67.0,18991,-47.0,-86.0,0,0.0,310.0,21.0,489.6,489.6,489.6
65.0,19193,-46.7,-85.9,0,0.0,335.0,16.0,494.4,494.4,494.4
63.0,19401,-46.5,-85.7,0,0.0,315.0,17.0,499.4,499.4,499.4
57.0,20067,-45.6,-85.2,0,0.0,350.0,16.0,515.8,515.9,515.8
55.0,20305,-45.3,-85.0,0,0.01,325.0,16.0,521.8,521.9,521.8
53.0,20552,-45.0,-84.8,0,0.01,350.0,17.0,528.1,528.1,528.1
52.0,20679,-44.8,-84.7,0,0.01,330.0,16.0,531.4,531.4,531.4
50.0,20940,-44.5,-84.5,0,0.01,340.0,17.0,538.1,538.2,538.1
49.0,21075,-44.5,-84.5,0,0.01,350.0,17.0,541.3,541.4,541.3
47.0,21354,-44.4,-84.4,0,0.01,330.0,17.0,547.9,548.0,547.9
43.0,21950,-44.3,-84.3,0,0.01,5.0,14.0,562.3,562.3,562.3
42.0,22107,-44.3,-84.3,0,0.01,335.0,10.0,566.1,566.2,566.1
41.0,22269,-44.3,-84.3,0,0.01,5.0,12.0,570.1,570.2,570.1
40.0,22434,-44.2,-84.2,0,0.01,330.0,16.0,574.2,574.3,574.2
37.0,22956,-44.1,-84.2,0,0.01,20.0,10.0,587.4,587.5,587.4
35.0,23328,-44.1,-84.1,0,0.01,10.0,12.0,597.0,597.0,597.0
34.0,23522,-44.0,-84.0,0,0.01,35.0,10.0,602.0,602.1,602.0
33.0,23722,-44.0,-84.0,0,0.01,10.0,10.0,607.3,607.4,607.3
32.0,23928,-44.0,-84.0,0,0.01,0.0,12.0,612.7,612.8,612.7
31.0,24140,-43.9,-83.9,0,0.01,35.0,12.0,618.4,618.5,618.4
30.0,24360,-43.9,-83.9,0,0.01,10.0,8.0,624.3,624.5,624.3
28.0,24826,-43.5,-83.7,0,0.01,10.0,19.0,637.8,637.9,637.8
27.0,25072,-43.4,-83.7,0,0.01,45.0,12.0,645.0,645.1,645.0
25.0,25592,-43.0,-83.5,0,0.02,340.0,10.0,660.4,660.6,660.4
24.0,25868,-42.7,-83.4,0,0.02,10.0,10.0,668.8,669.0,668.8
23.0,26155,-42.5,-83.3,0,0.02,355.0,10.0,677.6,677.8,677.6
22.0,26455,-42.3,-83.2,0,0.02,30.0,12.0,687.0,687.2,687.0
21.2,26706,-42.1,-83.1,0,0.02,16.0,11.0,694.9,695.1,694.9
20.0,27100,-43.1,-83.1,0,0.02,355.0,10.0,703.5,703.7,703.5
19.0,27445,-43.2,-83.2,0,0.02,45.0,12.0,713.6,713.8,713.6
18.0,27809,-43.3,-83.3,0,0.02,40.0,10.0,724.4,724.7,724.4
17.0,28194,-43.4,-83.4,0,0.02,65.0,0.0,736.1,736.3,736.1
15.6,28772,-43.5,-83.5,0,0.02,67.0,4.0,753.9,754.2,753.9
14.0,29506,-42.4,-82.9,0,0.03,70.0,10.0,781.2,781.6,781.2
13.0,30009,-41.7,-82.5,0,0.03,20.0,10.0,800.5,800.9,800.5
10.0,31790,-39.1,-81.1,0,0.06,50.0,6.0,872.4,873.2,872.5
9.7,31999,-38.9,-80.9,0,0.06,28.0,7.0,880.8,881.6,880.9
9.0,32519,-37.1,-79.7,0,0.08,335.0,10.0,906.9,907.9,906.9
8.0,33336,-34.2,-77.9,0,0.12,50.0,10.0,949.2,950.9,949.3
7.7,33601,-33.3,-77.3,0,0.13,44.0,10.0,963.4,965.3,963.5
7.0,34269,-34.2,-77.3,0,0.15,30.0,12.0,986.4,988.5,986.5
6.9,34370,-34.3,-77.3,0,0.15,35.0,12.0,989.9,992.1,990.0
6.0,35356,-30.8,-75.4,0,0.23,80.0,17.0,45.5,49.0,45.7
5.8,35595,-29.9,-74.9,0,0.26,,,59.4,63.4,59.6
