# 78954 TBPB Grantley Adams Observations at 12Z 24 Dec 2019
Frequency [GHz],TB
175.31,284.120779101
175.322,284.106838378
175.337,284.089360715
175.352,284.071825486
175.367,284.054232634
175.382,284.0365821
175.397,284.018873824
175.412,284.001107745
175.427,283.983283801
175.442,283.965401929
175.457,283.947462063
175.472,283.929464138
175.487,283.911408087
175.502,283.893293841
175.517,283.875121332
175.532,283.856890488
175.547,283.838601237
175.562,283.820253505
175.577,283.801847217
175.592,283.783382298
175.607,283.764858669
175.622,283.746276251
175.637,283.727634965
175.652,283.708934726
175.667,283.690175452
175.682,283.671357058
175.697,283.652479457
175.712,283.633542561
175.727,283.614546279
175.742,283.59549052
175.757,283.576375191
175.772,283.557200198
175.787,283.537965443
175.802,283.518670827
175.817,283.499316252
175.832,283.479901615
175.847,283.460426812
175.862,283.440891739
175.877,283.421296287
175.892,283.401640348
175.907,283.38192381
175.922,283.36214656
175.937,283.342308484
175.952,283.322409463
175.967,283.30244938
175.982,283.282428114
175.997,283.26234554
176.012,283.242201534
176.027,283.221995969
176.042,283.201728716
176.057,283.181399642
176.072,283.161008614
176.087,283.140555496
176.102,283.120040151
176.117,283.099462436
176.132,283.07882221
176.147,283.058119328
176.162,283.037353642
176.177,283.016525002
176.192,282.995633257
176.207,282.974678252
176.222,282.953659829
176.237,282.932577829
176.252,282.911432091
176.267,282.890222449
176.282,282.868948737
176.297,282.847610784
176.31,282.829065796
176.312,282.826208419
176.327,282.804741468
176.342,282.783209751
176.357,282.761613089
176.372,282.739951299
176.387,282.718224196
176.402,282.69643159
176.417,282.674573291
176.432,282.652649105
176.447,282.630658834
176.46,282.61154699
176.462,282.608602279
176.477,282.586479237
176.492,282.564289502
176.507,282.542032867
176.522,282.519709118
176.537,282.497318043
176.552,282.474859422
176.567,282.452333036
176.582,282.42973866
176.597,282.407076068
176.612,282.38434503
176.627,282.361545312
176.642,282.338676678
176.657,282.315738888
176.672,282.292731699
176.687,282.269654866
176.702,282.246508138
176.717,282.223291263
176.732,282.200003983
176.747,282.176646041
176.762,282.153217172
176.777,282.12971711
176.792,282.106145585
176.807,282.082502323
176.822,282.058787047
176.837,282.034999477
176.852,282.011139328
176.867,281.987206313
176.882,281.963200139
176.897,281.939120511
176.912,281.914967131
176.927,281.890739696
176.942,281.866437898
176.957,281.842061429
176.972,281.817609973
176.987,281.793083212
177.002,281.768480825
177.017,281.743802486
177.032,281.719047865
177.047,281.694216628
177.062,281.669308437
177.077,281.64432295
177.092,281.619259822
177.107,281.594118702
177.122,281.568899236
177.137,281.543601066
177.152,281.518223829
177.167,281.492767159
177.182,281.467230683
177.197,281.441614027
177.21,281.419347775
177.212,281.415916811
177.227,281.390138651
177.242,281.364279158
177.257,281.33833794
177.272,281.312314599
177.287,281.286208733
177.302,281.260019936
177.31,281.246018526
177.317,281.233747797
177.332,281.2073919
177.347,281.180951824
177.362,281.154427146
177.377,281.127817436
177.392,281.101122258
177.407,281.074341175
177.422,281.047473742
177.437,281.020519511
177.452,280.993478027
177.467,280.966348833
177.482,280.939131465
177.497,280.911825454
177.512,280.884430327
177.527,280.856945606
177.542,280.829370806
177.557,280.80170544
177.572,280.773949012
177.587,280.746101025
177.602,280.718160973
177.617,280.690128347
177.632,280.662002631
177.647,280.633783306
177.66,280.609250431
177.662,280.605469845
177.677,280.577061718
177.692,280.548558386
177.707,280.519959309
177.722,280.491263938
177.737,280.462471719
177.752,280.433582094
177.767,280.404594497
177.782,280.375508357
177.797,280.346323099
177.812,280.317038139
177.827,280.28765289
177.842,280.258166758
177.857,280.228579141
177.872,280.198889435
177.887,280.169097026
177.902,280.139201296
177.917,280.109201621
177.932,280.079097369
177.947,280.048887903
177.96,280.022620764
177.962,280.018572581
177.977,279.988150752
177.992,279.957621759
178.007,279.92698494
178.022,279.896239625
178.037,279.865385139
178.052,279.834420798
178.067,279.803345914
178.082,279.77215979
178.097,279.740861722
178.112,279.709451002
178.127,279.677926912
178.142,279.646288728
178.157,279.614535719
178.172,279.582667148
178.187,279.550682268
178.202,279.518580327
178.217,279.486360565
178.232,279.454022215
178.247,279.421564501
178.262,279.388986642
178.277,279.356287848
178.292,279.323467319
178.307,279.290524252
178.322,279.257457832
178.337,279.224267239
178.352,279.190951643
178.367,279.157510206
178.382,279.123942084
178.397,279.090246423
178.41,279.060939685
178.412,279.05642236
178.427,279.022469025
178.442,278.98838554
178.457,278.954171016
178.472,278.919824558
178.487,278.885345261
178.502,278.850732211
178.517,278.815984486
178.532,278.781101154
178.547,278.746081273
178.562,278.710923895
178.577,278.67562806
178.592,278.640192798
178.607,278.604617133
178.622,278.568900075
178.637,278.533040628
178.652,278.497037784
178.667,278.460890524
178.682,278.424597823
178.697,278.388158643
178.712,278.351571934
178.727,278.314836639
178.742,278.277951688
178.757,278.240916003
178.772,278.203728492
178.787,278.166388054
178.802,278.128893576
178.817,278.091243935
178.832,278.053437996
178.847,278.015474612
178.862,277.977352624
178.877,277.939070863
178.892,277.900628147
178.907,277.862023281
178.922,277.823255059
178.937,277.784322263
178.952,277.74522366
178.967,277.705958008
178.982,277.666524048
178.997,277.62692051
179.012,277.587146111
179.027,277.547199555
179.042,277.50707953
179.057,277.466784712
179.072,277.426313762
179.087,277.385665328
179.102,277.344838042
179.117,277.303830524
179.132,277.262641375
179.147,277.221269183
179.16,277.185264121
179.162,277.179712523
179.177,277.137969951
179.192,277.096040008
179.207,277.05392122
179.222,277.011612097
179.237,276.96911113
179.252,276.926416797
179.267,276.883527555
179.282,276.840441846
179.297,276.797158095
179.312,276.753674708
179.327,276.709990072
179.342,276.666102558
179.357,276.622010516
179.372,276.577712279
179.387,276.533206159
179.402,276.488490448
179.417,276.443563421
179.432,276.39842333
179.447,276.353068406
179.462,276.307496862
179.477,276.261706887
179.492,276.21569665
179.507,276.169464295
179.522,276.123007949
179.537,276.07632571
179.552,276.029415657
179.567,275.982275845
179.582,275.934904303
179.597,275.887299038
179.612,275.839458029
179.627,275.791379235
179.642,275.743060583
179.657,275.694499979
179.672,275.645695299
179.687,275.596644395
179.702,275.547345089
179.717,275.497795175
179.732,275.44799242
179.747,275.397934562
179.762,275.347619308
179.777,275.297044335
179.792,275.246207292
179.807,275.195105794
179.822,275.143737425
179.837,275.092099738
179.852,275.040190253
179.867,274.988006454
179.882,274.935545794
179.897,274.88280569
179.91,274.836869539
179.912,274.829783526
179.927,274.776476646
179.942,274.722882361
179.957,274.668997944
179.972,274.61482063
179.987,274.560347615
180.002,274.505576058
180.017,274.450503075
180.032,274.395125745
180.047,274.339441103
180.062,274.283446143
180.077,274.227137817
180.092,274.170513032
180.107,274.113568654
180.122,274.0563015
180.137,273.998708344
180.152,273.940785913
180.167,273.882530886
180.182,273.823939895
180.197,273.765009522
180.212,273.7057363
180.227,273.646116711
180.242,273.586147186
180.257,273.525824103
180.272,273.465143787
180.287,273.404102511
180.302,273.34269649
180.317,273.280921884
180.332,273.218774798
180.347,273.156251277
180.362,273.09334731
180.377,273.030058823
180.392,272.966381685
180.407,272.902311701
180.422,272.837844616
180.437,272.772976111
180.452,272.7077018
180.467,272.642017235
180.482,272.5759179
180.497,272.509399213
180.512,272.442456523
180.527,272.375085109
180.542,272.307280182
180.557,272.239036878
180.56,272.225335179
180.572,272.170350264
180.587,272.101215333
180.602,272.031627001
180.617,271.961580113
180.632,271.891069433
180.647,271.820089651
180.66,271.758190225
180.662,271.748635377
180.677,271.676701141
180.692,271.604281393
180.707,271.5313705
180.722,271.457962749
180.737,271.384052341
180.752,271.309633392
180.767,271.234699933
180.782,271.159245907
180.797,271.083265171
180.812,271.006751491
180.827,270.929698542
180.842,270.852099911
180.857,270.77394909
180.872,270.695239478
180.887,270.615964381
180.902,270.536117007
180.917,270.45569047
180.932,270.374677786
180.947,270.29307187
180.962,270.21086554
180.977,270.128051512
180.992,270.044622401
181.007,269.960570716
181.022,269.875888867
181.037,269.790569153
181.052,269.704603773
181.067,269.617984813
181.082,269.530704254
181.097,269.442753967
181.112,269.354125711
181.127,269.264811135
181.142,269.174801772
181.157,269.084089044
181.172,268.992664255
181.187,268.900518595
181.202,268.807643133
181.217,268.714028821
181.232,268.619666489
181.247,268.524546846
181.262,268.428660477
181.277,268.331997843
181.292,268.234549276
181.307,268.136304983
181.31,268.116559767
181.322,268.03725504
181.337,267.937389391
181.352,267.836697847
181.367,267.735170085
181.382,267.632795642
181.397,267.529563918
181.412,267.425464171
181.427,267.320485513
181.442,267.214616913
181.457,267.107847187
181.472,267.000165001
181.487,266.891558866
181.502,266.782017133
181.517,266.671527992
181.532,266.560079469
181.547,266.447659418
181.562,266.334255521
181.577,266.21985528
181.592,266.104446018
181.607,265.988014865
181.622,265.87054876
181.637,265.752034443
181.652,265.632458447
181.667,265.511807092
181.682,265.390066479
181.697,265.267222481
181.712,265.143260736
181.727,265.018166634
181.742,264.891925312
181.757,264.764521643
181.772,264.635940223
181.787,264.506165358
181.802,264.375181056
181.817,264.242971008
181.832,264.109518577
181.847,263.97480678
181.862,263.838818273
181.877,263.701535328
181.892,263.56293982
181.907,263.423013202
181.922,263.281736482
181.937,263.139090199
181.952,262.995054398
181.967,262.849608601
181.982,262.702731776
181.997,262.554402303
182.012,262.404597942
182.027,262.253295793
182.042,262.100472253
182.057,261.946102976
182.06,261.915041434
182.072,261.79016282
182.087,261.6326258
182.102,261.473465028
182.117,261.312652653
182.132,261.150159799
182.147,260.985956487
182.162,260.820011566
182.177,260.652292618
182.192,260.482765878
182.207,260.311396126
182.222,260.138146582
182.237,259.962978784
182.252,259.785852464
182.267,259.606725401
182.282,259.425553266
182.297,259.242289453
182.312,259.05688489
182.327,258.869287834
182.342,258.679443638
182.357,258.487294509
182.372,258.292779218
182.387,258.095832804
182.402,257.896386223
182.417,257.694365975
182.432,257.489693676
182.447,257.282285593
182.462,257.072052114
182.477,256.858897165
182.492,256.642717546
182.507,256.423402197
182.522,256.200831366
182.537,255.974875677
182.552,255.745395073
182.567,255.512237627
182.582,255.275238199
182.597,255.034216908
182.612,254.788977399
182.627,254.539304878
182.642,254.284963872
182.657,254.025695667
182.672,253.761215396
182.687,253.491208696
182.702,253.215327882
182.717,252.933187559
182.732,252.644359578
182.747,252.348367232
182.762,252.044678573
182.777,251.732698705
182.792,251.41176088
182.807,251.081116212
182.822,250.739921788
182.837,250.387226898
182.852,250.021957118
182.867,249.642895884
182.882,249.24866319
182.897,248.837691009
182.912,248.40819497
182.927,247.958141859
182.942,247.485212512
182.957,246.986759758
182.972,246.459761252
182.987,245.900767417
183.002,245.305845288
183.017,244.670520124
183.032,243.98971831
183.047,243.257717791
183.062,242.468116505
183.077,241.613835927
183.092,240.687187049
183.107,239.68004167
183.122,238.584175336
183.137,237.391882889
183.152,236.097017594
183.167,234.696673947
183.182,233.193822644
183.197,231.60129915
183.212,229.947583802
183.227,228.284592998
183.242,226.696644788
183.257,225.30629907
183.367,225.614296805
183.382,227.060543377
183.397,228.669514857
183.412,230.328716698
183.427,231.963062695
183.442,233.527513424
183.457,234.998244513
183.472,236.365380989
183.487,237.627727804
183.502,238.789178439
183.517,239.856362848
183.532,240.83715702
183.547,241.739770779
183.562,242.572214007
183.577,243.342005189
183.592,244.0560317
183.607,244.720502533
183.622,245.340955276
183.637,245.922293081
183.652,246.468836506
183.667,246.984381029
183.682,247.472254811
183.697,247.935373669
183.712,248.376291725
183.727,248.79724709
183.742,249.200202498
183.757,249.58688108
183.772,249.958797668
183.787,250.317286037
183.802,250.663522553
183.817,250.998546647
183.832,251.32327853
183.847,251.638534501
183.862,251.94504018
183.877,252.243441945
183.892,252.534316828
183.907,252.81818108
183.922,253.095497594
183.937,253.366682336
183.952,253.63210994
183.967,253.892118564
183.982,254.147014125
183.997,254.39707399
184.012,254.642550192
184.027,254.883672254
184.042,255.120649653
184.057,255.353673987
184.072,255.582920874
184.087,255.80855163
184.102,256.030714739
184.117,256.249547159
184.132,256.465175471
184.147,256.677716901
184.162,256.887280223
184.177,257.093966564
184.192,257.297870117
184.207,257.499078784
184.222,257.69767474
184.237,257.893734944
184.252,258.0873316
184.267,258.278532559
184.282,258.467401694
184.297,258.653999228
184.312,258.838382032
184.327,259.020603898
184.342,259.200715781
184.357,259.378766022
184.372,259.554800546
184.387,259.728863048
184.402,259.900995156
184.417,260.071236583
184.432,260.239625268
184.447,260.406197498
184.462,260.570988024
184.477,260.734030171
184.492,260.895355931
184.507,261.054996053
184.522,261.212980126
184.537,261.369336654
184.552,261.524093125
184.56,261.605984864
184.567,261.677276077
184.582,261.828911154
184.597,261.979023165
184.612,262.127636131
184.627,262.274773333
184.642,262.420457359
184.657,262.564710136
184.672,262.707552978
184.687,262.849006611
184.702,262.989091212
184.717,263.127826436
184.732,263.265231443
184.747,263.401324928
184.762,263.536125139
184.777,263.669649906
184.792,263.801916657
184.807,263.93294244
184.822,264.062743941
184.837,264.191337498
184.852,264.318739122
184.867,264.444964508
184.882,264.570029049
184.897,264.693947851
184.912,264.816735741
184.927,264.938407283
184.942,265.058976786
184.957,265.178458311
184.972,265.296865687
184.987,265.414212512
185.002,265.530512166
185.017,265.645777817
185.032,265.760022427
185.047,265.873258759
185.062,265.985499384
185.077,266.096756684
185.092,266.207042863
185.107,266.316369945
185.122,266.424749782
185.137,266.53219406
185.152,266.6387143
185.167,266.744321864
185.182,266.849027957
185.197,266.952843631
185.212,267.05577979
185.227,267.157847189
185.242,267.259056441
185.257,267.359418018
185.272,267.458942251
185.287,267.557639338
185.302,267.655519341
185.31,267.707391346
185.317,267.75259219
185.332,267.848867687
185.347,267.944355504
185.362,268.039065188
185.377,268.133006164
185.392,268.226187729
185.407,268.318619065
185.422,268.410309231
185.437,268.501267169
185.452,268.591501705
185.467,268.681021549
185.482,268.769835299
185.497,268.85795144
185.512,268.945378344
185.527,269.032124276
185.542,269.11819739
185.557,269.203605736
185.572,269.288357253
185.587,269.372459779
185.602,269.455921045
185.617,269.538748682
185.632,269.620950217
185.647,269.702533076
185.662,269.783504588
185.677,269.86387198
185.692,269.943642385
185.707,270.022822837
185.722,270.101420274
185.737,270.179441543
185.752,270.256893394
185.767,270.333782486
185.782,270.410115387
185.797,270.485898574
185.812,270.561138435
185.827,270.635841269
185.842,270.710013288
185.857,270.783660618
185.872,270.8567893
185.887,270.929405289
185.902,271.001514457
185.917,271.073122595
185.932,271.144235411
185.947,271.214858534
185.96,271.275673423
185.962,271.284997511
185.977,271.354657814
185.992,271.423844834
186.007,271.492563888
186.022,271.560820216
186.037,271.628618984
186.052,271.695965284
186.06,271.731700038
186.067,271.762864136
186.082,271.829320487
186.097,271.895339214
186.112,271.960925125
186.127,272.026082957
186.142,272.09081738
186.157,272.155132998
186.172,272.219034348
186.187,272.282525901
186.202,272.345612066
186.217,272.408297185
186.232,272.470585542
186.247,272.532481356
186.262,272.593988787
186.277,272.655111935
186.292,272.71585484
186.307,272.776221486
186.322,272.836215798
186.337,272.895841645
186.352,272.955102842
186.367,273.014003148
186.382,273.072546269
186.397,273.130735857
186.412,273.188575513
186.427,273.246068786
186.442,273.303219175
186.457,273.360030129
186.472,273.416505048
186.487,273.472647284
186.502,273.528460141
186.517,273.583946879
186.532,273.639110707
186.547,273.693954795
186.562,273.748482263
186.577,273.802696192
186.592,273.856599616
186.607,273.91019553
186.622,273.963486885
186.637,274.016476592
186.652,274.069167523
186.667,274.121562509
186.682,274.173664341
186.697,274.225475776
186.71,274.270146219
186.712,274.276999528
186.727,274.328238277
186.742,274.379194667
186.757,274.429871306
186.772,274.480270764
186.787,274.530395581
186.802,274.58024826
186.817,274.629831271
186.832,274.679147051
186.847,274.728198006
186.862,274.776986509
186.877,274.825514902
186.892,274.873785497
186.907,274.921800575
186.922,274.969562387
186.937,275.017073156
186.952,275.064335076
186.967,275.111350312
186.982,275.158121002
186.997,275.204649257
187.012,275.250937159
187.027,275.296986768
187.042,275.342800114
187.057,275.388379203
187.072,275.433726016
187.087,275.478842511
187.102,275.523730617
187.117,275.568392245
187.132,275.61282928
187.147,275.657043582
187.162,275.701036991
187.177,275.744811325
187.192,275.788368377
187.207,275.831709923
187.222,275.874837713
187.237,275.91775348
187.252,275.960458935
187.267,276.002955768
187.282,276.04524565
187.297,276.087330232
187.312,276.129211148
187.327,276.170890009
187.342,276.212368411
187.357,276.25364793
187.372,276.294730125
187.387,276.335616535
187.402,276.376308685
187.417,276.41680808
187.432,276.457116209
187.447,276.497234544
187.46,276.531851372
187.462,276.537164542
187.477,276.576907643
187.492,276.616465269
187.507,276.655838831
187.522,276.69502972
187.537,276.734039314
187.552,276.772868977
187.567,276.811520055
187.582,276.849993883
187.597,276.88829178
187.612,276.926415051
187.627,276.964364987
187.642,277.002142866
187.657,277.039749952
187.672,277.077187496
187.687,277.114456736
187.702,277.151558895
187.717,277.188495187
187.732,277.225266812
187.747,277.261874955
187.762,277.298320793
187.777,277.334605488
187.792,277.370730192
187.807,277.406696043
187.822,277.44250417
187.837,277.47815569
187.852,277.513651707
187.867,277.548993316
187.882,277.5841816
187.897,277.619217632
187.912,277.654102473
187.927,277.688837176
187.942,277.72342278
187.957,277.757860317
187.972,277.792150808
187.987,277.826295263
188.002,277.860294682
188.017,277.894150059
188.032,277.927862373
188.047,277.961432597
188.062,277.994861693
188.077,278.028150616
188.092,278.061300309
188.107,278.094311709
188.122,278.12718574
188.137,278.159923322
188.152,278.192525362
188.167,278.224992762
188.182,278.257326413
188.197,278.289527198
188.21,278.317327749
188.212,278.321595993
188.227,278.353533665
188.242,278.385341073
188.257,278.417019067
188.272,278.44856849
188.287,278.479990179
188.302,278.511284959
188.317,278.542453651
188.332,278.573497067
188.347,278.604416011
188.362,278.635211281
188.377,278.665883667
188.392,278.696433952
188.407,278.726862911
188.422,278.757171312
188.437,278.787359918
188.452,278.817429483
188.467,278.847380754
188.482,278.877214473
188.497,278.906931373
188.512,278.936532182
188.527,278.966017622
188.542,278.995388407
188.557,279.024645244
188.572,279.053788836
188.587,279.082819878
188.602,279.111739059
188.617,279.140547062
188.632,279.169244564
188.647,279.197832236
188.66,279.222519892
188.662,279.226310743
188.677,279.254680743
188.692,279.28294289
188.707,279.311097831
188.722,279.339146208
188.737,279.367088655
188.752,279.394925804
188.767,279.422658278
188.782,279.450286698
188.797,279.477811676
188.812,279.505233821
188.827,279.532553735
188.842,279.559772015
188.857,279.586889255
188.872,279.61390604
188.887,279.640822953
188.902,279.667640571
188.917,279.694359464
188.932,279.7209802
188.947,279.747503339
188.96,279.770411546
188.962,279.77392944
188.977,279.800259052
188.992,279.826492724
189.007,279.852630998
189.022,279.87867441
189.037,279.904623494
189.052,279.930478778
189.067,279.956240784
189.082,279.981910032
189.097,280.007487037
189.112,280.032972307
189.127,280.058366349
189.142,280.083669663
189.157,280.108882745
189.172,280.134006088
189.187,280.159040181
189.202,280.183985506
189.217,280.208842543
189.232,280.233611768
189.247,280.258293652
189.262,280.282888661
189.277,280.307397258
189.292,280.331819904
189.307,280.356157052
189.31,280.361014262
189.322,280.380409154
189.337,280.404576657
189.352,280.428660004
189.367,280.452659635
189.382,280.476575984
189.397,280.500409485
189.41,280.5209985
189.412,280.524160564
189.427,280.547829647
189.442,280.571417153
189.457,280.594923501
189.472,280.618349103
189.487,280.641694368
189.502,280.664959705
189.517,280.688145514
189.532,280.711252195
189.547,280.734280145
189.562,280.757229755
189.577,280.780101415
189.592,280.802895509
189.607,280.825612421
189.622,280.848252529
189.637,280.870816209
189.652,280.893303834
189.667,280.915715772
189.682,280.938052389
189.697,280.960314049
189.712,280.982501112
189.727,281.004613932
189.742,281.026652866
189.757,281.048618262
189.772,281.070510468
189.787,281.092329829
189.802,281.114076686
189.817,281.135751378
189.832,281.157354241
189.847,281.178885606
189.862,281.200345805
189.877,281.221735164
189.892,281.243054007
189.907,281.264302655
189.922,281.285481428
189.937,281.306590642
189.952,281.327630609
189.967,281.34860164
189.982,281.369504043
189.997,281.390338123
190.012,281.411104183
190.027,281.431802523
190.042,281.452433439
190.057,281.472997228
190.072,281.493494182
190.087,281.51392459
190.102,281.53428874
190.117,281.554586916
190.132,281.574819401
190.147,281.594986476
190.16,281.612411912
190.162,281.615088418
190.177,281.635125502
190.192,281.655098001
190.207,281.675006187
190.222,281.694850327
190.237,281.714630687
190.252,281.734347532
190.267,281.754001123
190.282,281.773591719
190.297,281.793119578
190.31,281.809993171
190.312,281.812584954
190.327,281.831988101
190.342,281.851329269
190.357,281.870608707
190.372,281.889826661
190.387,281.908983376
190.402,281.928079095
190.417,281.947114057
190.432,281.966088501
190.447,281.985002664
190.462,282.003856779
190.477,282.022651079
190.492,282.041385796
190.507,282.060061157
190.522,282.078677389
190.537,282.097234716
190.552,282.115733363
190.567,282.134173549
190.582,282.152555495
190.597,282.170879417
190.612,282.189145532
190.627,282.207354053
190.642,282.225505193
190.657,282.243599161
190.672,282.261636167
190.687,282.279616418
190.702,282.297540119
190.717,282.315407474
190.732,282.333218684
190.747,282.35097395
190.762,282.368673472
190.777,282.386317445
190.792,282.403906066
190.807,282.421439528
190.822,282.438918025
190.837,282.456341746
190.852,282.473710882
190.867,282.491025621
190.882,282.508286149
190.897,282.52549265
190.912,282.542645309
190.927,282.559744307
190.942,282.576789826
190.957,282.593782044
190.972,282.610721139
190.987,282.627607288
191.002,282.644440666
191.017,282.661221446
191.032,282.677949802
191.047,282.694625904
191.062,282.711249922
191.077,282.727822024
191.092,282.744342379
191.107,282.760811152
191.122,282.777228507
191.137,282.793594608
191.152,282.809909618
191.167,282.826173698
191.182,282.842387007
191.197,282.858549704
191.212,282.874661948
191.227,282.890723894
191.242,282.906735697
191.257,282.922697512
191.272,282.938609493
191.287,282.95447179
191.302,282.970284555
191.31,282.978697828
