# 01004 ENAS Ny-Alesund Ii Observations at 12Z 11 Jul 2019
p [hPa],z [m],T [C],T_dew [C],RH [%],r [g/kg],wdir [deg],SKNT [knot],THTA [K],THTE [K],THTV [K]
1012.0,8,7.8,5.1,83,5.47,240.0,10.0,280.0,295.2,280.9
1008.0,44,6.0,4.9,93,5.41,235.0,10.0,278.5,293.5,279.4
1000.0,115,5.8,4.4,91,5.27,225.0,10.0,278.9,293.5,279.8
925.0,750,1.4,1.4,100,4.6,145.0,6.0,280.7,293.7,281.5
918.0,811,1.2,1.2,100,4.57,154.0,6.0,281.1,294.0,281.9
915.0,837,1.6,-3.4,69,3.27,159.0,6.0,281.8,291.2,282.4
896.0,1007,5.6,-7.4,39,2.46,185.0,7.0,287.6,295.0,288.1
890.0,1062,6.0,-9.0,33,2.18,193.0,7.0,288.6,295.2,289.0
855.0,1391,7.8,-14.2,19,1.5,243.0,8.0,293.8,298.6,294.1
850.0,1439,7.8,-13.2,21,1.63,250.0,8.0,294.3,299.5,294.6
837.0,1566,7.8,-11.2,25,1.95,247.0,8.0,295.6,301.7,295.9
815.0,1785,7.0,-6.0,39,3.01,242.0,9.0,297.0,306.3,297.6
811.0,1825,6.8,-12.2,24,1.86,242.0,9.0,297.2,303.1,297.6
808.0,1856,6.4,0.4,65,4.9,241.0,9.0,297.1,311.8,298.0
763.0,2324,4.4,-6.6,45,3.07,230.0,10.0,299.9,309.4,300.4
761.0,2345,4.3,-12.3,29,1.96,230.0,10.0,300.0,306.3,300.4
756.0,2398,4.2,-26.8,8,0.57,223.0,10.0,300.4,302.4,300.5
749.0,2474,4.4,-28.6,7,0.49,213.0,11.0,301.4,303.1,301.5
743.0,2539,4.1,-20.8,14,0.99,205.0,12.0,301.8,305.1,302.0
738.0,2594,3.8,-14.2,26,1.74,210.0,12.0,302.1,307.7,302.4
732.0,2660,3.6,-23.4,12,0.8,216.0,12.0,302.6,305.3,302.7
728.0,2705,3.0,-10.0,38,2.47,220.0,12.0,302.4,310.2,302.8
723.0,2760,2.8,-16.9,22,1.42,225.0,12.0,302.7,307.4,303.0
719.0,2805,2.6,-22.4,14,0.89,224.0,12.0,303.0,306.0,303.2
700.0,3021,1.8,-18.2,21,1.31,220.0,12.0,304.4,308.8,304.7
684.0,3207,0.2,-11.8,40,2.28,221.0,11.0,304.7,312.0,305.1
678.0,3277,-0.1,-28.1,10,0.56,222.0,11.0,305.1,307.1,305.2
661.0,3480,-1.1,-20.1,22,1.18,223.0,10.0,306.2,310.2,306.4
659.0,3504,-1.1,-25.1,14,0.76,223.0,10.0,306.5,309.1,306.6
653.0,3576,-1.5,-36.5,5,0.26,224.0,10.0,306.8,307.8,306.9
645.0,3674,-2.3,-17.3,31,1.53,225.0,10.0,307.0,312.1,307.3
641.0,3723,-2.7,-17.3,31,1.54,225.0,10.0,307.1,312.3,307.4
630.0,3860,-3.6,-17.4,34,1.56,245.0,10.0,307.5,312.7,307.8
610.0,4114,-5.5,-17.5,38,1.6,246.0,10.0,308.2,313.6,308.6
596.0,4296,-6.7,-30.7,13,0.5,247.0,10.0,308.9,310.7,309.0
593.0,4335,-7.3,-16.3,49,1.81,247.0,11.0,308.7,314.7,309.0
587.0,4414,-7.9,-15.9,53,1.9,248.0,11.0,308.9,315.1,309.2
577.0,4547,-9.1,-18.1,48,1.6,248.0,11.0,309.0,314.4,309.3
574.0,4587,-9.1,-33.1,12,0.41,248.0,11.0,309.4,310.9,309.5
569.0,4655,-9.7,-42.7,5,0.16,249.0,11.0,309.5,310.1,309.5
559.0,4791,-10.5,-24.5,31,0.95,249.0,11.0,310.1,313.4,310.3
551.0,4902,-10.9,-39.9,7,0.22,250.0,12.0,310.9,311.8,311.0
547.0,4958,-11.3,-37.1,10,0.29,250.0,12.0,311.1,312.2,311.2
538.0,5085,-12.2,-30.7,20,0.56,240.0,10.0,311.5,313.5,311.6
535.0,5127,-12.5,-28.5,25,0.69,242.0,11.0,311.6,314.1,311.8
525.0,5271,-13.3,-38.5,10,0.26,250.0,14.0,312.3,313.3,312.4
523.0,5300,-13.5,-40.5,8,0.21,249.0,14.0,312.5,313.3,312.5
514.0,5432,-14.5,-23.5,46,1.13,246.0,14.0,312.8,316.7,313.0
501.0,5625,-16.1,-23.1,55,1.2,240.0,15.0,313.2,317.3,313.4
500.0,5640,-16.1,-23.1,55,1.2,240.0,16.0,313.4,317.5,313.6
478.0,5977,-18.3,-26.3,49,0.94,233.0,17.0,314.7,318.0,314.9
474.0,6040,-18.5,-31.5,31,0.58,232.0,17.0,315.2,317.3,315.3
471.0,6087,-18.7,-25.7,54,1.01,231.0,17.0,315.5,319.1,315.7
468.0,6134,-19.1,-25.6,57,1.03,230.0,17.0,315.6,319.2,315.8
452.0,6392,-21.5,-24.9,74,1.13,231.0,18.0,315.7,319.7,316.0
427.0,6808,-24.7,-30.7,57,0.7,233.0,19.0,316.8,319.4,317.0
420.0,6928,-25.1,-36.1,35,0.42,233.0,19.0,317.8,319.4,317.9
400.0,7280,-27.5,-39.5,31,0.31,235.0,19.0,319.2,320.4,319.2
392.0,7425,-28.4,-41.9,26,0.25,245.0,17.0,319.9,320.8,319.9
384.0,7573,-29.3,-44.3,22,0.2,241.0,17.0,320.5,321.3,320.6
360.0,8030,-32.2,-44.8,27,0.2,230.0,16.0,322.7,323.5,322.7
354.0,8149,-32.9,-44.9,29,0.2,233.0,16.0,323.2,324.0,323.3
300.0,9290,-42.7,-48.7,52,0.15,260.0,16.0,325.1,325.7,325.1
284.0,9653,-45.8,-50.9,56,0.13,265.0,21.0,325.8,326.3,325.8
266.0,10088,-49.5,-53.5,63,0.1,260.0,22.0,326.5,326.9,326.5
256.0,10337,-51.3,-54.7,67,0.09,257.0,23.0,327.4,327.8,327.5
250.0,10490,-52.5,-56.7,60,0.07,255.0,23.0,327.9,328.2,327.9
245.0,10619,-53.3,-57.6,59,0.06,260.0,25.0,328.6,328.9,328.6
222.0,11249,-57.1,-62.1,53,0.04,260.0,22.0,332.1,332.3,332.1
214.0,11481,-57.5,-63.5,46,0.03,260.0,21.0,335.0,335.2,335.0
212.0,11540,-57.3,-64.3,41,0.03,260.0,17.0,336.2,336.4,336.2
208.0,11661,-56.9,-65.9,31,0.03,250.0,19.0,338.7,338.8,338.7
204.0,11784,-56.5,-67.5,24,0.02,262.0,19.0,341.2,341.3,341.2
203.0,11815,-55.7,-68.7,18,0.02,265.0,19.0,342.9,343.0,342.9
200.0,11910,-53.3,-72.3,8,0.01,260.0,16.0,348.2,348.3,348.2
194.0,12108,-50.3,-78.3,2,0.0,253.0,15.0,356.0,356.1,356.0
188.0,12315,-49.3,-78.5,2,0.0,245.0,14.0,360.8,360.9,360.8
179.0,12638,-47.8,-78.7,2,0.0,250.0,17.0,368.4,368.5,368.4
174.0,12824,-46.9,-78.9,1,0.0,280.0,14.0,372.9,372.9,372.9
173.0,12862,-46.9,-79.0,1,0.0,280.0,10.0,373.5,373.6,373.5
169.0,13018,-46.8,-79.2,1,0.0,245.0,10.0,376.2,376.2,376.2
164.0,13217,-46.7,-79.5,1,0.0,280.0,14.0,379.6,379.7,379.6
153.0,13678,-46.4,-80.1,1,0.0,280.0,10.0,387.7,387.8,387.7
150.0,13810,-46.3,-80.3,1,0.0,235.0,6.0,390.1,390.1,390.1
147.0,13944,-46.3,-80.3,1,0.0,230.0,10.0,392.3,392.3,392.3
144.0,14081,-46.4,-80.4,1,0.0,250.0,12.0,394.5,394.5,394.5
140.0,14268,-46.4,-80.4,1,0.0,295.0,12.0,397.6,397.6,397.6
134.0,14558,-46.5,-80.5,1,0.0,310.0,10.0,402.4,402.5,402.4
100.0,16500,-47.1,-81.1,1,0.01,310.0,4.0,436.4,436.5,436.4
70.0,18870,-45.1,-81.1,1,0.01,160.0,6.0,487.5,487.6,487.5
59.0,20013,-44.8,-81.3,1,0.01,310.0,0.0,512.6,512.7,512.6
50.0,21120,-44.5,-81.5,1,0.01,40.0,6.0,538.1,538.2,538.1
49.0,21256,-44.4,-81.5,1,0.01,95.0,10.0,541.4,541.5,541.4
48.0,21394,-44.4,-81.5,1,0.01,130.0,10.0,544.7,544.8,544.7
41.0,22453,-44.0,-81.3,1,0.01,130.0,0.0,570.9,571.0,570.9
39.0,22788,-43.8,-81.3,1,0.01,40.0,10.0,579.5,579.6,579.5
38.0,22963,-43.8,-81.3,1,0.01,65.0,17.0,584.0,584.1,584.0
37.0,23142,-43.7,-81.3,1,0.01,85.0,16.0,588.6,588.7,588.6
35.0,23515,-43.5,-81.2,1,0.02,95.0,10.0,598.4,598.6,598.4
34.0,23710,-43.4,-81.2,1,0.02,115.0,14.0,603.6,603.8,603.6
32.0,24117,-43.3,-81.2,1,0.02,90.0,12.0,614.6,614.8,614.6
30.0,24550,-43.1,-81.1,1,0.02,120.0,12.0,626.5,626.7,626.5
29.0,24778,-43.0,-81.0,1,0.02,110.0,12.0,633.0,633.1,633.0
28.4,24919,-42.9,-80.9,1,0.02,122.0,11.0,637.0,637.1,637.0
27.0,25259,-43.6,-81.6,1,0.02,150.0,10.0,644.3,644.5,644.3
26.8,25309,-43.7,-81.7,1,0.02,137.0,8.0,645.4,645.5,645.4
26.0,25514,-42.7,-81.2,1,0.02,85.0,2.0,653.8,654.0,653.8
23.7,26142,-39.7,-79.7,1,0.03,102.0,6.0,680.1,680.4,680.1
21.0,26967,-40.0,-80.0,1,0.03,125.0,12.0,703.1,703.5,703.1
20.0,27300,-40.1,-80.1,1,0.03,160.0,6.0,712.6,713.0,712.6
18.0,28033,-38.8,-79.4,1,0.04,60.0,10.0,738.5,739.0,738.5
17.0,28430,-38.1,-79.0,1,0.05,115.0,12.0,753.0,753.5,753.0
16.0,28852,-37.3,-78.6,1,0.05,100.0,12.0,768.6,769.2,768.6
15.0,29300,-36.5,-78.2,1,0.06,120.0,12.0,785.5,786.2,785.6
14.0,29780,-35.7,-77.7,1,0.07,105.0,10.0,804.1,804.9,804.1
13.0,30296,-34.8,-77.2,1,0.08,125.0,16.0,824.5,825.4,824.5
12.0,30852,-33.8,-76.7,1,0.09,120.0,14.0,847.0,848.2,847.1
11.0,31457,-32.7,-76.1,1,0.11,100.0,12.0,872.3,873.7,872.3
10.0,32120,-31.5,-75.5,0,0.14,135.0,14.0,900.8,902.6,900.9
9.0,32867,-30.8,-75.5,0,0.15,120.0,19.0,931.0,933.0,931.1
8.6,33189,-30.5,-75.5,0,0.16,,,944.3,946.5,944.4
