# 48698 WSSS Singapore Observations at 12Z 11 Jul 2019
p [hPa],z [m],T [C],T_dew [C],RH [%],r [g/kg],wdir [deg],SKNT [knot],THTA [K],THTE [K],THTV [K]
1009.0,16.0,31.6,21.6,55.0,16.39,250,4,304.0,353.0,306.9
1000.0,100.0,30.0,21.0,59.0,15.93,110,4,303.1,350.6,306.0
970.0,370.0,27.3,20.5,67.0,15.91,110,10,303.0,350.4,305.9
952.0,536.0,25.6,20.2,72.0,15.9,140,10,303.0,350.3,305.8
925.0,791.0,23.0,19.7,82.0,15.88,140,12,302.8,350.1,305.7
912.0,915.0,21.8,19.6,87.0,16.01,136,11,302.8,350.4,305.7
910.0,934.0,21.7,19.4,87.0,15.82,135,11,302.9,350.0,305.8
873.0,1294.0,20.2,15.2,73.0,12.6,129,7,305.0,342.9,307.3
850.0,1524.0,18.8,13.8,73.0,11.8,125,4,305.8,341.5,308.0
796.0,2085.0,14.8,9.8,72.0,9.64,98,6,307.4,336.8,309.1
764.0,2432.0,13.2,2.2,47.0,5.9,82,8,309.2,327.8,310.4
753.0,2554.0,12.2,7.2,71.0,8.53,76,8,309.4,335.8,311.0
743.0,2666.0,12.6,-2.4,35.0,4.34,71,9,311.1,325.0,311.9
730.0,2814.0,11.8,-4.2,32.0,3.86,63,9,311.8,324.2,312.5
718.0,2952.0,11.4,-11.6,19.0,2.2,57,10,312.8,320.2,313.2
715.0,2987.0,11.2,-11.2,20.0,2.27,55,10,313.0,320.6,313.4
701.0,3152.0,10.4,-9.6,23.0,2.65,64,17,313.8,322.6,314.3
700.0,3164.0,10.4,-6.6,30.0,3.35,65,17,314.0,325.0,314.6
695.0,3224.0,9.8,1.8,57.0,6.31,70,16,313.9,334.1,315.1
686.0,3332.0,9.7,1.1,55.0,6.09,80,14,315.0,334.5,316.1
679.0,3417.0,9.6,0.6,53.0,5.92,100,13,315.8,334.9,316.9
674.0,3479.0,9.4,-0.3,51.0,5.59,115,13,316.3,334.3,317.3
644.0,3856.0,8.2,-5.8,37.0,3.87,103,12,319.0,331.9,319.8
626.0,4087.0,6.3,-5.8,42.0,4.0,95,12,319.4,332.7,320.2
565.0,4920.0,-0.7,-5.6,69.0,4.48,82,11,320.7,335.6,321.6
558.0,5020.0,-1.1,-6.4,67.0,4.26,80,11,321.5,335.7,322.3
549.0,5150.0,-1.5,-7.5,64.0,3.99,98,12,322.4,335.8,323.2
543.0,5237.0,-2.0,-13.4,41.0,2.53,110,12,322.9,331.6,323.4
539.0,5296.0,-2.3,-17.3,31.0,1.84,105,12,323.2,329.6,323.5
526.0,5490.0,-3.1,-13.1,46.0,2.66,90,12,324.5,333.7,325.0
520.0,5581.0,-3.3,-20.3,26.0,1.47,97,12,325.3,330.6,325.6
506.0,5796.0,-4.7,-25.2,18.0,0.98,115,11,326.1,329.8,326.3
504.0,5827.0,-4.9,-25.9,18.0,0.92,115,12,326.3,329.7,326.4
500.0,5890.0,-5.3,-23.3,23.0,1.18,115,14,326.5,330.8,326.8
469.0,6388.0,-8.7,-26.7,22.0,0.92,115,17,328.3,331.8,328.5
467.0,6421.0,-8.9,-26.3,23.0,0.96,115,17,328.4,332.0,328.6
458.0,6570.0,-10.1,-24.3,30.0,1.17,125,14,328.8,333.1,329.1
432.0,7018.0,-13.5,-18.5,66.0,2.07,96,9,330.0,337.4,330.4
431.0,7036.0,-13.5,-18.5,66.0,2.07,95,9,330.2,337.7,330.6
410.0,7413.0,-15.0,-23.0,51.0,1.48,70,5,333.1,338.5,333.4
403.0,7544.0,-15.5,-24.5,46.0,1.31,67,8,334.0,338.9,334.3
400.0,7600.0,-16.1,-25.1,46.0,1.25,65,9,334.0,338.6,334.2
398.0,7637.0,-16.4,-25.3,46.0,1.24,65,10,334.0,338.7,334.3
376.0,8061.0,-20.1,-27.1,53.0,1.11,80,16,334.7,338.9,334.9
363.0,8323.0,-22.3,-28.3,58.0,1.03,66,19,335.1,339.0,335.3
358.0,8425.0,-23.0,-28.6,60.0,1.01,60,20,335.5,339.4,335.7
348.0,8633.0,-24.3,-29.3,63.0,0.98,72,25,336.4,340.2,336.6
341.0,8779.0,-25.3,-31.3,57.0,0.83,80,28,337.0,340.2,337.2
300.0,9700.0,-31.7,-43.7,30.0,0.27,75,45,340.6,341.7,340.6
267.0,10511.0,-37.7,-54.7,15.0,0.09,79,42,343.4,343.7,343.4
263.0,10615.0,-38.6,-54.4,17.0,0.09,80,42,343.6,344.0,343.6
257.0,10772.0,-39.9,-53.9,21.0,0.1,85,38,343.9,344.3,343.9
251.0,10933.0,-40.9,-47.9,47.0,0.2,89,34,344.7,345.6,344.8
250.0,10960.0,-41.1,-48.1,47.0,0.2,90,33,344.8,345.7,344.9
241.0,11209.0,-42.3,-62.3,9.0,0.04,104,30,346.6,346.8,346.7
220.0,11811.0,-47.9,-64.0,14.0,0.03,140,22,347.2,347.4,347.2
200.0,12440.0,-53.7,-65.7,22.0,0.03,155,21,347.6,347.7,347.6
197.0,12537.0,-54.5,-67.5,19.0,0.02,155,19,347.8,347.9,347.8
187.0,12866.0,-56.7,-70.2,17.0,0.02,155,10,349.5,349.6,349.5
178.0,13177.0,-58.7,-72.7,15.0,0.01,117,7,351.1,351.2,351.1
173.0,13353.0,-59.9,-73.4,16.0,0.01,95,5,352.0,352.1,352.0
160.0,13833.0,-63.2,-75.3,18.0,0.01,5,10,354.4,354.5,354.4
150.0,14230.0,-65.9,-76.9,20.0,0.01,30,14,356.4,356.4,356.4
146.0,14392.0,-67.0,-77.8,20.0,0.01,25,14,357.3,357.3,357.3
132.0,14996.0,-71.0,-81.2,21.0,0.0,115,10,360.6,360.6,360.6
127.0,15227.0,-72.5,-82.5,21.0,0.0,133,11,361.8,361.8,361.8
121.0,15509.0,-73.4,-83.0,22.0,0.0,155,13,365.2,365.2,365.2
119.0,15606.0,-73.7,-83.2,22.0,0.0,150,11,366.4,366.4,366.4
111.0,16012.0,-75.0,-83.8,24.0,0.0,80,15,371.4,371.4,371.4
100.0,16620.0,-76.9,-84.9,27.0,0.0,65,19,378.9,378.9,378.9
95.0,16912.0,-79.0,-87.0,26.0,0.0,60,21,380.4,380.4,380.4
92.0,17095.0,-80.3,-88.3,26.0,0.0,65,13,381.3,381.3,381.3
91.6,17120.0,-80.5,-88.5,26.0,0.0,65,12,381.4,381.4,381.4
90.0,17221.0,-76.0,-86.4,18.0,0.0,140,2,392.2,392.2,392.2
89.6,17246.0,-74.9,-85.9,17.0,0.0,147,3,395.0,395.0,395.0
86.0,17483.0,-75.7,-86.7,17.0,0.0,215,10,398.1,398.1,398.1
81.0,17828.0,-76.8,-87.8,16.0,0.0,230,16,402.7,402.7,402.7
80.0,17900.0,-77.0,-88.0,16.0,0.0,220,13,403.6,403.7,403.6
79.0,17973.0,-77.2,-88.2,16.0,0.0,205,10,404.6,404.6,404.6
78.7,17995.0,-77.3,-88.3,16.0,0.0,193,10,404.9,404.9,404.9
77.0,18120.0,-77.3,-88.6,15.0,0.0,125,10,407.4,407.5,407.4
76.0,18195.0,-77.3,-88.8,15.0,0.0,110,15,409.0,409.0,409.0
74.0,18348.0,-77.3,-89.2,14.0,0.0,105,18,412.1,412.1,412.1
73.5,18387.0,-77.3,-89.3,13.0,0.0,117,16,412.9,412.9,412.9
72.0,18507.0,-75.4,-89.5,10.0,0.0,155,10,419.5,419.5,419.5
70.0,18670.0,-72.7,-89.7,6.0,0.0,110,7,428.5,428.5,428.5
69.8,18687.0,-72.5,-89.5,6.0,0.0,104,8,429.3,429.3,429.3
69.0,18756.0,-69.7,-89.2,4.0,0.0,80,12,436.8,436.8,436.8
67.9,18852.0,-65.7,-88.7,3.0,0.0,31,7,447.4,447.4,447.4
67.0,18934.0,-65.0,-88.5,3.0,0.0,350,3,450.5,450.5,450.5
66.0,19026.0,-64.3,-88.3,2.0,0.0,290,10,454.1,454.1,454.1
64.0,19213.0,-64.8,-88.5,2.0,0.0,310,16,457.1,457.1,457.1
62.0,19407.0,-65.2,-88.8,3.0,0.0,260,20,460.2,460.2,460.2
59.0,19710.0,-66.0,-89.2,3.0,0.0,255,31,465.1,465.1,465.1
57.0,19920.0,-66.5,-89.5,3.0,0.0,255,27,468.5,468.5,468.5
54.0,20250.0,-65.4,-89.2,2.0,0.0,220,15,478.2,478.3,478.2
52.0,20481.0,-64.7,-89.1,2.0,0.0,240,12,485.2,485.2,485.2
50.0,20720.0,-63.9,-88.9,2.0,0.0,225,11,492.5,492.5,492.5
48.0,20972.0,-62.8,-88.4,2.0,0.0,230,10,500.9,500.9,500.9
47.0,21102.0,-62.2,-88.2,2.0,0.0,260,15,505.3,505.3,505.3
46.8,21128.0,-62.1,-88.1,2.0,0.0,265,14,506.2,506.2,506.2
44.8,21397.0,-63.5,-88.5,2.0,0.0,314,7,509.1,509.2,509.1
43.0,21653.0,-61.6,-87.7,2.0,0.0,0,0,519.8,519.8,519.8
40.2,22072.0,-58.5,-86.5,2.0,0.01,314,26,537.7,537.7,537.7
38.0,22424.0,-59.9,-86.8,2.0,0.01,275,47,542.8,542.8,542.8
36.3,22711.0,-61.1,-87.1,2.0,0.01,271,42,546.9,546.9,546.9
32.0,23497.0,-60.3,-87.0,2.0,0.01,260,29,569.1,569.1,569.1
30.0,23900.0,-59.9,-86.9,2.0,0.01,275,31,580.8,580.8,580.8
28.9,24133.0,-60.3,-87.3,2.0,0.01,283,23,585.9,586.0,585.9
28.0,24334.0,-59.7,-86.9,2.0,0.01,290,16,592.9,593.0,592.9
27.0,24565.0,-59.0,-86.5,2.0,0.01,305,10,601.1,601.2,601.1
26.0,24805.0,-58.2,-86.1,2.0,0.01,230,10,609.7,609.8,609.7
24.0,25313.0,-56.7,-85.2,2.0,0.01,230,22,628.4,628.5,628.4
23.0,25583.0,-55.8,-84.7,2.0,0.01,245,31,638.5,638.6,638.5
22.0,25865.0,-55.0,-84.2,2.0,0.02,260,13,649.3,649.4,649.3
20.0,26470.0,-53.1,-83.1,1.0,0.02,295,17,672.9,673.1,672.9
19.0,26801.0,-52.4,-83.3,1.0,0.02,315,13,685.1,685.3,685.1
18.9,26835.0,-52.3,-83.3,1.0,0.02,298,13,686.3,686.5,686.3
18.0,27149.0,-52.5,-83.5,1.0,0.02,140,10,695.2,695.5,695.2
17.0,27518.0,-52.8,-83.8,1.0,0.02,160,15,705.8,706.0,705.8
16.7,27633.0,-52.9,-83.9,1.0,0.02,144,21,709.1,709.3,709.1
16.0,27913.0,-49.8,-82.2,1.0,0.03,105,35,727.9,728.2,727.9
15.2,28248.0,-46.1,-80.1,1.0,0.04,101,56,750.9,751.4,750.9
15.0,28335.0,-46.6,-80.3,1.0,0.04,100,62,752.2,752.7,752.3
14.0,28788.0,-48.9,-81.1,1.0,0.04,80,57,759.2,759.6,759.2
13.3,29126.0,-50.7,-81.7,1.0,0.04,85,57,764.3,764.8,764.3
11.5,30082.0,-45.9,-80.9,1.0,0.05,85,72,813.9,814.5,814.0
11.0,30377.0,-45.9,-80.5,1.0,0.06,85,77,824.3,825.0,824.4
10.2,30879.0,-45.9,-79.9,1.0,0.07,81,71,842.3,843.1,842.4
10.0,31010.0,-46.5,-80.5,1.0,0.06,80,69,844.9,845.6,844.9
9.4,31419.0,-48.1,-81.1,1.0,0.06,83,80,853.9,854.6,853.9
9.0,31709.0,-46.2,-80.4,1.0,0.07,85,88,871.7,872.6,871.7
8.8,31858.0,-45.3,-80.0,1.0,0.08,85,88,881.0,882.0,881.0
8.4,32168.0,-43.3,-79.3,1.0,0.09,84,83,900.5,901.7,900.6
7.0,33392.0,-44.0,-80.0,1.0,0.1,80,65,945.9,947.3,946.0
6.4,33994.0,-44.3,-80.3,1.0,0.1,92,64,969.1,970.5,969.1
6.0,,,,,,100,63,,,
