# 10410 EDZE Essen Observations at 12Z 18 Oct 2019
p [hPa],z [m],T [C],T_dew [C],RH [%],r [g/kg],wdir [deg],SKNT [knot],THTA [K],THTE [K],THTV [K]
1000.0,46.0,,,,,,,,,
988.0,147.0,10.2,9.3,94.0,7.49,210.0,10.0,284.3,305.2,285.6
928.0,665.0,7.7,2.9,72.0,5.12,235.0,52.0,286.9,301.6,287.8
925.0,692.0,7.6,2.6,71.0,5.01,235.0,52.0,287.1,301.5,287.9
923.0,710.0,7.8,2.8,71.0,5.1,235.0,53.0,287.5,302.1,288.3
891.0,1000.0,6.4,3.3,81.0,5.47,235.0,54.0,288.9,304.7,289.9
882.0,1084.0,6.8,2.5,74.0,5.22,235.0,55.0,290.2,305.4,291.1
850.0,1386.0,4.0,1.5,84.0,5.04,235.0,56.0,290.3,305.0,291.2
831.0,1569.0,2.0,0.2,88.0,4.69,233.0,53.0,290.1,303.8,290.9
766.0,2220.0,-0.8,-1.9,93.0,4.37,225.0,41.0,293.9,306.9,294.6
709.0,2838.0,-3.5,-3.9,98.0,4.08,200.0,45.0,297.4,309.8,298.2
702.0,2917.0,-3.9,-4.1,99.0,4.04,200.0,45.0,297.9,310.2,298.6
700.0,2940.0,-4.1,-4.2,99.0,4.02,200.0,45.0,297.9,310.2,298.6
616.0,3927.0,-10.9,-13.1,84.0,2.27,205.0,47.0,301.1,308.4,301.6
555.0,4732.0,-16.5,-20.4,72.0,1.37,214.0,62.0,303.7,308.2,303.9
530.0,5078.0,-18.7,-31.7,31.0,0.51,217.0,69.0,305.1,306.9,305.1
513.0,5320.0,-20.4,-34.0,28.0,0.42,220.0,74.0,305.9,307.4,305.9
504.0,5451.0,-21.3,-35.3,27.0,0.38,217.0,74.0,306.3,307.7,306.4
500.0,5510.0,-21.5,-32.5,36.0,0.5,215.0,74.0,306.8,308.6,306.9
480.0,5808.0,-23.8,-33.2,42.0,0.49,210.0,62.0,307.5,309.2,307.6
476.0,5869.0,-24.3,-33.3,43.0,0.49,210.0,63.0,307.6,309.4,307.7
429.0,6616.0,-30.1,-36.1,56.0,0.41,210.0,72.0,309.5,311.0,309.6
402.0,7075.0,-32.7,-52.7,12.0,0.07,210.0,77.0,312.0,312.2,312.0
400.0,7110.0,-33.1,-53.1,12.0,0.07,210.0,78.0,311.9,312.2,311.9
353.0,7962.0,-39.9,-56.8,15.0,0.05,210.0,82.0,314.1,314.3,314.1
308.0,8892.0,-47.2,-60.7,20.0,0.03,200.0,78.0,316.3,316.4,316.3
302.0,9026.0,-48.3,-61.3,21.0,0.03,204.0,79.0,316.6,316.7,316.6
300.0,9070.0,-48.5,-61.5,21.0,0.03,205.0,80.0,316.9,317.0,316.9
274.0,9660.0,-51.5,-65.5,17.0,0.02,208.0,80.0,320.9,320.9,320.9
252.0,10199.0,-53.1,-67.1,17.0,0.02,210.0,80.0,326.2,326.3,326.2
250.0,10250.0,-52.9,-67.9,15.0,0.02,215.0,78.0,327.3,327.4,327.3
231.0,10758.0,-53.9,-70.9,11.0,0.01,217.0,71.0,333.2,333.3,333.2
203.0,11593.0,-50.5,-79.5,2.0,0.0,220.0,60.0,351.1,351.2,351.1
200.0,11690.0,-50.9,-79.9,2.0,0.0,220.0,58.0,352.0,352.0,352.0
175.0,12558.0,-52.0,-81.9,2.0,0.0,220.0,41.0,363.9,363.9,363.9
160.0,13140.0,-52.8,-83.3,1.0,0.0,210.0,45.0,372.0,372.1,372.0
150.0,13560.0,-53.3,-84.3,1.0,0.0,225.0,51.0,378.0,378.1,378.0
149.0,13603.0,-53.4,-84.4,1.0,0.0,225.0,51.0,378.6,378.7,378.6
134.0,14280.0,-54.3,-85.7,1.0,0.0,215.0,39.0,388.6,388.6,388.6
128.0,14572.0,-54.7,-86.3,1.0,0.0,230.0,39.0,393.0,393.0,393.0
125.0,14724.0,-55.0,-86.6,1.0,0.0,220.0,33.0,395.3,395.3,395.3
115.0,15256.0,-55.7,-87.7,1.0,0.0,210.0,45.0,403.4,403.4,403.4
110.0,15540.0,-53.1,-87.1,1.0,0.0,220.0,33.0,413.4,413.4,413.4
100.0,16150.0,-54.3,-88.3,1.0,0.0,225.0,39.0,422.5,422.5,422.5
96.8,16359.0,-52.7,-88.7,1.0,0.0,233.0,31.0,429.6,429.6,429.6
96.0,16412.0,-53.0,-88.8,1.0,0.0,235.0,29.0,430.1,430.1,430.1
92.0,16683.0,-54.3,-89.1,1.0,0.0,215.0,21.0,432.7,432.7,432.7
82.1,17409.0,-57.9,-89.9,1.0,0.0,220.0,29.0,439.7,439.7,439.7
73.7,18093.0,-55.5,-90.5,1.0,0.0,220.0,39.0,458.5,458.5,458.5
71.0,18330.0,-56.1,-90.4,1.0,0.0,220.0,43.0,462.2,462.2,462.2
70.0,18420.0,-56.3,-90.3,1.0,0.0,220.0,43.0,463.6,463.6,463.6
66.0,18792.0,-56.5,-90.4,1.0,0.0,245.0,35.0,470.9,470.9,470.9
64.0,18987.0,-56.7,-90.4,1.0,0.0,230.0,23.0,474.8,474.8,474.8
63.0,19087.0,-56.7,-90.4,1.0,0.0,225.0,23.0,476.8,476.8,476.8
56.0,19833.0,-57.2,-90.6,1.0,0.0,250.0,23.0,492.0,492.0,492.0
50.0,20550.0,-57.7,-90.7,1.0,0.0,240.0,35.0,507.1,507.1,507.1
49.0,20677.0,-57.9,-90.9,1.0,0.0,240.0,39.0,509.5,509.5,509.5
47.0,20939.0,-58.4,-91.4,1.0,0.0,255.0,29.0,514.5,514.5,514.5
45.7,21116.0,-58.7,-91.7,1.0,0.0,246.0,29.0,517.9,517.9,517.9
44.0,21355.0,-57.5,-91.5,1.0,0.0,235.0,29.0,526.4,526.4,526.4
42.3,21604.0,-56.3,-91.3,1.0,0.0,243.0,19.0,535.3,535.4,535.4
42.0,21649.0,-56.4,-91.3,1.0,0.0,245.0,17.0,536.1,536.2,536.1
41.0,21800.0,-56.8,-91.5,1.0,0.0,230.0,16.0,538.9,538.9,538.9
40.0,21955.0,-57.2,-91.6,1.0,0.0,210.0,21.0,541.7,541.7,541.7
35.0,22794.0,-59.4,-92.3,1.0,0.0,250.0,37.0,557.1,557.1,557.1
33.0,23164.0,-60.4,-92.6,1.0,0.0,250.0,41.0,564.0,564.0,564.0
32.3,23299.0,-60.7,-92.7,1.0,0.0,264.0,35.0,566.5,566.5,566.5
32.0,23357.0,-60.5,-92.8,1.0,0.0,270.0,33.0,568.5,568.6,568.5
30.0,23760.0,-59.1,-93.1,1.0,0.0,250.0,29.0,582.9,583.0,582.9
27.0,24425.0,-58.5,-93.0,0.0,0.0,290.0,27.0,602.4,602.4,602.4
26.0,24664.0,-58.3,-93.0,0.0,0.0,280.0,21.0,609.5,609.5,609.5
25.0,24911.0,-58.1,-93.0,0.0,0.0,280.0,31.0,617.0,617.0,617.0
23.0,25438.0,-57.7,-93.0,0.0,0.0,260.0,31.0,633.1,633.2,633.1
20.0,26320.0,-56.9,-92.9,0.0,0.0,255.0,37.0,661.3,661.3,661.3
19.9,26352.0,-56.9,-92.9,0.0,0.0,257.0,36.0,662.2,662.2,662.2
19.0,26643.0,-57.3,-92.8,0.0,0.0,280.0,31.0,669.8,669.9,669.8
17.0,27344.0,-58.2,-92.4,1.0,0.0,255.0,31.0,688.5,688.5,688.5
15.3,28007.0,-59.1,-92.1,1.0,0.01,268.0,36.0,706.6,706.7,706.6
15.0,,,,,,270.0,37.0,,,
