# 78954 TBPB Grantley Adams Observations at 12Z 03 Nov 2019
p [hPa],z [m],T [C],T_dew [C],RH [%],r [g/kg],wdir [deg],SKNT [knot],THTA [K],THTE [K],THTV [K]
1007.0,57,27.4,24.6,85,19.8,100.0,3.0,299.9,358.2,303.5
1003.0,85,27.8,23.2,76,18.22,103.0,5.0,300.7,354.5,304.0
1000.0,106,27.6,22.6,74,17.61,105.0,6.0,300.8,352.7,303.9
994.0,159,27.0,22.0,74,17.06,105.0,8.0,300.7,351.0,303.7
978.0,302,25.8,21.0,75,16.3,105.0,12.0,300.9,349.0,303.8
951.0,548,23.8,19.3,76,15.05,110.0,13.0,301.2,345.7,304.0
945.0,603,23.4,18.9,76,14.77,110.0,13.0,301.3,345.0,304.0
925.0,791,21.8,17.6,77,13.88,110.0,13.0,301.6,342.7,304.1
913.0,904,21.0,17.1,79,13.66,115.0,14.0,301.9,342.4,304.4
886.0,1164,19.2,16.1,82,13.16,115.0,15.0,302.6,341.8,305.0
850.0,1521,17.4,13.0,75,11.19,115.0,16.0,304.4,338.0,306.4
794.0,2099,14.4,9.7,73,9.62,120.0,14.0,307.2,336.6,309.0
747.0,2616,11.8,6.8,71,8.36,130.0,11.0,309.7,335.6,311.3
700.0,3157,8.0,5.3,83,8.04,140.0,8.0,311.3,336.4,312.8
697.0,3193,7.8,5.3,84,8.08,140.0,8.0,311.5,336.7,313.0
657.0,3676,5.0,1.4,77,6.5,140.0,7.0,313.7,334.3,314.9
649.0,3777,4.5,0.6,76,6.2,140.0,7.0,314.1,333.9,315.3
640.0,3891,3.8,-0.3,74,5.88,160.0,5.0,314.6,333.5,315.8
618.0,4177,2.2,-2.6,71,5.14,165.0,6.0,315.9,332.6,316.9
616.0,4203,2.0,-2.6,72,5.16,165.0,6.0,316.0,332.7,317.0
606.0,4335,1.0,-2.5,77,5.28,173.0,8.0,316.3,333.4,317.3
585.0,4618,-0.3,-5.2,69,4.45,190.0,12.0,318.0,332.6,318.9
555.0,5039,-2.3,-9.3,59,3.42,174.0,12.0,320.5,332.0,321.1
529.0,5417,-5.2,-10.2,68,3.35,160.0,12.0,321.5,332.8,322.1
500.0,5860,-8.5,-11.2,81,3.27,190.0,11.0,322.6,333.7,323.2
496.0,5922,-8.9,-11.4,82,3.24,193.0,11.0,322.9,333.9,323.5
480.0,6175,-9.9,-17.6,54,2.02,205.0,13.0,324.7,331.8,325.1
467.0,6386,-10.7,-22.7,37,1.33,208.0,15.0,326.2,331.0,326.5
456.0,6569,-11.5,-20.5,47,1.65,210.0,17.0,327.5,333.4,327.8
439.0,6859,-13.3,-27.3,30,0.93,216.0,14.0,328.8,332.2,328.9
402.0,7522,-17.3,-20.4,77,1.89,230.0,6.0,332.0,338.8,332.4
400.0,7560,-17.5,-20.0,81,1.97,230.0,6.0,332.2,339.3,332.6
388.0,7788,-18.9,-21.3,81,1.81,235.0,8.0,333.2,339.8,333.6
329.0,8988,-26.9,-29.6,78,1.01,260.0,17.0,338.4,342.2,338.6
300.0,9660,-31.3,-34.2,76,0.71,275.0,28.0,341.1,343.9,341.3
261.0,10622,-39.1,-41.9,74,0.37,305.0,21.0,343.6,345.1,343.6
250.0,10920,-41.5,-44.3,74,0.3,295.0,23.0,344.2,345.5,344.3
239.0,11225,-43.9,-46.8,73,0.24,295.0,29.0,345.1,346.1,345.1
233.0,11395,-45.3,-47.9,75,0.22,295.0,33.0,345.4,346.4,345.5
224.0,11658,-47.5,-49.6,79,0.19,286.0,32.0,346.0,346.8,346.0
210.0,12081,-51.0,-53.5,74,0.12,270.0,31.0,347.1,347.6,347.1
201.0,12368,-53.3,-56.2,70,0.09,270.0,41.0,347.7,348.1,347.7
200.0,12400,-53.5,-56.3,71,0.09,270.0,42.0,347.9,348.3,347.9
190.0,12719,-56.1,-58.7,73,0.07,265.0,47.0,348.8,349.1,348.8
185.0,12885,-57.5,-60.0,73,0.06,265.0,49.0,349.2,349.5,349.2
150.0,14190,-68.3,-69.8,81,0.02,260.0,43.0,352.2,352.3,352.2
138.0,14685,-72.3,-73.2,88,0.01,267.0,42.0,353.7,353.8,353.7
134.0,14857,-72.7,-73.8,85,0.01,270.0,41.0,356.0,356.0,356.0
127.0,15172,-71.9,-73.3,81,0.01,274.0,49.0,362.9,363.0,362.9
125.0,15266,-71.7,-73.0,83,0.02,275.0,51.0,364.9,365.0,364.9
101.0,16503,-77.5,-77.6,98,0.01,265.0,41.0,376.7,376.7,376.7
100.0,16560,-77.5,-77.6,98,0.01,265.0,41.0,377.7,377.8,377.7
96.9,16741,-77.1,-77.6,93,0.01,259.0,38.0,381.9,382.0,381.9
88.4,17266,-79.9,-79.9,100,0.01,240.0,28.0,386.5,386.5,386.5
87.5,17324,-79.9,-79.9,100,0.01,234.0,27.0,387.6,387.7,387.6
86.0,17423,-79.4,-79.4,100,0.01,225.0,26.0,390.5,390.6,390.5
76.0,18136,-76.0,-76.0,99,0.02,295.0,20.0,411.7,411.8,411.7
70.0,18610,-73.7,-73.8,99,0.03,290.0,22.0,426.4,426.5,426.4
68.0,18781,-72.4,-72.5,99,0.03,325.0,12.0,432.8,433.0,432.8
67.0,18868,-71.7,-71.8,99,0.04,335.0,6.0,436.1,436.4,436.1
65.6,18992,-70.7,-70.8,99,0.04,38.0,4.0,440.9,441.2,440.9
65.0,19046,-70.8,-70.9,99,0.04,65.0,3.0,441.9,442.1,441.9
59.0,19619,-71.7,-71.7,100,0.04,100.0,9.0,452.2,452.5,452.2
55.0,20038,-69.0,-69.0,100,0.06,125.0,13.0,467.5,467.9,467.5
52.3,20339,-67.1,-67.1,100,0.09,67.0,22.0,478.8,479.3,478.8
52.0,20374,-67.2,-67.2,100,0.09,60.0,23.0,479.4,480.0,479.4
50.0,20610,-67.5,-67.5,100,0.09,70.0,35.0,484.0,484.6,484.0
49.0,20731,-67.7,-67.7,100,0.09,70.0,39.0,486.3,486.9,486.4
41.0,21820,-61.6,-61.6,100,0.23,115.0,24.0,526.9,528.5,527.0
39.9,21986,-60.7,-60.7,100,0.27,104.0,19.0,533.3,535.2,533.4
37.0,22453,-61.5,-61.5,100,0.26,75.0,5.0,542.8,544.7,542.9
36.4,22554,-61.7,-61.7,100,0.26,74.0,6.0,544.9,546.8,545.0
30.0,23750,-61.3,-61.3,100,0.33,65.0,18.0,577.0,579.5,577.1
22.2,25658,-53.3,-53.3,100,1.21,90.0,34.0,652.5,662.5,653.0
21.0,26016,-54.0,-54.0,100,1.18,95.0,37.0,660.8,670.6,661.2
20.9,26047,-54.1,-54.1,100,1.17,95.0,37.0,661.5,671.3,661.9
20.0,26330,-53.7,-54.2,94,1.21,90.0,33.0,671.0,681.4,671.5
15.7,27915,-45.5,-62.5,13,0.54,,,746.0,751.4,746.2
14.3,28536,-46.3,-68.3,6,0.27,,,763.5,766.3,763.6
14.0,28677,-46.1,-70.1,5,0.21,,,768.8,771.1,768.9
