# 01004 ENAS Ny-Alesund Ii Observations at 12Z 14 Jan 2019
p [hPa],z [m],T [C],T_dew [C],RH [%],r [g/kg],wdir [deg],SKNT [knot],THTA [K],THTE [K],THTV [K]
1000.0,6.0,,,,,,,,,
999.0,8.0,-11.5,-18.5,56.0,0.9,130.0,8.0,261.7,264.3,261.9
989.0,86.0,-10.3,-18.3,52.0,0.92,122.0,8.0,263.7,266.3,263.8
925.0,602.0,-13.9,-18.9,66.0,0.93,70.0,6.0,265.1,267.8,265.2
850.0,1237.0,-18.5,-23.5,65.0,0.68,10.0,12.0,266.8,268.8,266.9
844.0,1289.0,-18.9,-23.8,65.0,0.67,15.0,10.0,266.9,268.9,267.0
741.0,2247.0,-26.1,-29.1,76.0,0.47,15.0,7.0,269.1,270.6,269.2
722.0,2435.0,-27.1,-31.5,66.0,0.38,15.0,6.0,270.1,271.2,270.1
712.0,2536.0,-26.5,-31.5,63.0,0.39,15.0,6.0,271.8,273.0,271.9
708.0,2577.0,-26.3,-36.3,38.0,0.24,15.0,6.0,272.4,273.2,272.5
706.0,2597.0,-26.3,-34.3,47.0,0.3,15.0,6.0,272.7,273.6,272.7
702.0,2638.0,-26.5,-30.5,69.0,0.43,15.0,6.0,272.9,274.2,273.0
700.0,2659.0,-26.7,-30.7,69.0,0.43,15.0,6.0,272.9,274.2,273.0
692.0,2742.0,-27.3,-31.0,71.0,0.42,5.0,5.0,273.1,274.4,273.2
644.0,3254.0,-30.3,-36.3,56.0,0.27,300.0,3.0,275.4,276.2,275.4
628.0,3431.0,-31.9,-38.9,50.0,0.21,278.0,3.0,275.6,276.2,275.6
576.0,4032.0,-37.2,-41.5,65.0,0.18,200.0,0.0,276.2,276.8,276.2
570.0,4104.0,-37.9,-41.8,67.0,0.17,207.0,1.0,276.2,276.8,276.3
558.0,4250.0,-38.9,-45.9,47.0,0.11,220.0,2.0,276.7,277.1,276.8
519.0,4741.0,-43.1,-48.1,58.0,0.09,266.0,6.0,277.5,277.8,277.5
500.0,4990.0,-44.3,-51.3,46.0,0.07,290.0,8.0,279.0,279.2,279.0
496.0,5043.0,-44.7,-51.4,47.0,0.07,295.0,10.0,279.2,279.4,279.2
485.0,5192.0,-45.7,-51.7,50.0,0.07,280.0,17.0,279.7,279.9,279.7
438.0,5870.0,-50.3,-53.1,72.0,0.06,254.0,11.0,282.1,282.4,282.1
431.0,5975.0,-51.0,-54.9,63.0,0.05,250.0,10.0,282.6,282.8,282.6
425.0,6066.0,-51.5,-56.5,55.0,0.04,230.0,10.0,283.0,283.2,283.0
417.0,6190.0,-52.3,-58.6,46.0,0.03,260.0,10.0,283.5,283.7,283.6
413.0,6253.0,-52.7,-59.7,42.0,0.03,254.0,9.0,283.8,283.9,283.8
400.0,6460.0,-53.1,-61.1,37.0,0.03,235.0,6.0,285.9,286.0,285.9
393.0,6574.0,-53.4,-64.5,25.0,0.02,205.0,12.0,286.9,287.0,286.9
391.0,6607.0,-53.5,-65.5,22.0,0.01,199.0,10.0,287.2,287.3,287.2
377.0,6841.0,-54.4,-66.4,21.0,0.01,160.0,0.0,289.0,289.1,289.0
370.0,6961.0,-54.9,-66.9,21.0,0.01,190.0,10.0,289.9,290.0,289.9
369.0,6979.0,-54.9,-67.0,21.0,0.01,200.0,10.0,290.2,290.2,290.2
352.0,7281.0,-54.9,-68.8,16.0,0.01,205.0,19.0,294.1,294.2,294.1
351.0,7299.0,-54.9,-68.9,16.0,0.01,206.0,19.0,294.4,294.4,294.4
346.0,7390.0,-55.1,-69.3,16.0,0.01,210.0,17.0,295.2,295.3,295.2
333.0,7635.0,-55.8,-70.3,15.0,0.01,190.0,16.0,297.6,297.6,297.6
319.0,7909.0,-56.5,-71.5,14.0,0.01,225.0,12.0,300.2,300.3,300.2
316.0,7969.0,-56.7,-71.7,13.0,0.01,221.0,12.0,300.8,300.9,300.8
309.0,8112.0,-56.0,-72.7,11.0,0.01,210.0,12.0,303.7,303.7,303.7
303.0,8237.0,-55.4,-73.6,9.0,0.01,185.0,10.0,306.3,306.3,306.3
300.0,8300.0,-55.1,-74.1,8.0,0.01,205.0,10.0,307.6,307.6,307.6
299.0,8321.0,-55.1,-74.2,8.0,0.01,215.0,10.0,307.9,307.9,307.9
261.0,9186.0,-54.0,-77.6,4.0,0.0,170.0,10.0,321.6,321.6,321.6
257.0,9284.0,-53.9,-78.0,4.0,0.0,180.0,12.0,323.2,323.2,323.2
250.0,9460.0,-53.7,-78.7,3.0,0.0,170.0,8.0,326.1,326.1,326.1
207.0,10670.0,-53.2,-80.7,2.0,0.0,65.0,0.0,345.0,345.0,345.0
200.0,10890.0,-53.1,-81.1,2.0,0.0,100.0,4.0,348.5,348.5,348.5
188.0,11290.0,-52.9,-81.5,2.0,0.0,65.0,10.0,355.1,355.1,355.1
164.0,12173.0,-52.4,-82.5,1.0,0.0,350.0,10.0,370.0,370.0,370.0
160.0,12333.0,-52.3,-82.7,1.0,0.0,20.0,16.0,372.8,372.8,372.8
157.0,12455.0,-52.3,-82.8,1.0,0.0,45.0,12.0,374.9,374.9,374.9
155.0,12538.0,-52.2,-82.9,1.0,0.0,60.0,10.0,376.4,376.4,376.4
152.0,12664.0,-52.1,-83.0,1.0,0.0,35.0,2.0,378.6,378.6,378.6
150.0,12750.0,-52.1,-83.1,1.0,0.0,355.0,6.0,380.1,380.1,380.1
148.0,12838.0,-52.0,-83.1,1.0,0.0,0.0,10.0,381.8,381.8,381.8
143.0,13062.0,-51.6,-83.0,1.0,0.0,30.0,14.0,386.1,386.2,386.1
136.0,13390.0,-51.1,-82.9,1.0,0.0,30.0,10.0,392.6,392.6,392.6
126.0,13890.0,-50.4,-82.7,1.0,0.0,0.0,17.0,402.6,402.6,402.6
113.0,14601.0,-49.3,-82.4,1.0,0.0,30.0,19.0,417.3,417.4,417.4
109.0,14837.0,-49.0,-82.3,1.0,0.0,15.0,19.0,422.3,422.4,422.3
104.0,15144.0,-48.5,-82.2,1.0,0.0,30.0,23.0,428.9,428.9,428.9
100.0,15400.0,-48.1,-82.1,1.0,0.0,30.0,25.0,434.5,434.5,434.5
96.0,15668.0,-48.1,-82.2,1.0,0.0,30.0,21.0,439.6,439.7,439.6
94.0,15806.0,-48.1,-82.2,1.0,0.0,15.0,17.0,442.3,442.4,442.3
92.0,15947.0,-48.0,-82.3,1.0,0.01,5.0,17.0,445.1,445.1,445.1
87.0,16314.0,-48.0,-82.4,1.0,0.01,15.0,25.0,452.3,452.3,452.3
80.0,16864.0,-48.0,-82.6,1.0,0.01,0.0,33.0,463.4,463.4,463.4
77.0,17115.0,-48.0,-82.7,1.0,0.01,10.0,41.0,468.5,468.5,468.5
70.0,17740.0,-47.9,-82.9,1.0,0.01,25.0,37.0,481.5,481.6,481.6
69.0,17835.0,-47.6,-82.6,1.0,0.01,30.0,35.0,484.2,484.3,484.2
67.0,18029.0,-46.9,-81.9,1.0,0.01,29.0,36.0,489.8,489.8,489.8
62.0,18538.0,-47.6,-82.4,1.0,0.01,25.0,37.0,499.1,499.2,499.1
59.0,18863.0,-48.1,-82.7,1.0,0.01,15.0,29.0,505.2,505.2,505.2
55.0,19324.0,-48.8,-83.1,1.0,0.01,0.0,33.0,513.9,513.9,513.9
50.0,19950.0,-49.7,-83.7,1.0,0.01,15.0,35.0,525.9,526.0,525.9
48.0,20216.0,-50.1,-84.0,1.0,0.01,0.0,41.0,531.0,531.1,531.0
43.0,20931.0,-51.4,-84.8,1.0,0.01,0.0,41.0,545.0,545.1,545.0
41.0,21241.0,-51.9,-85.2,1.0,0.01,15.0,47.0,551.2,551.2,551.2
38.0,21736.0,-52.7,-85.7,1.0,0.01,24.0,42.0,561.2,561.2,561.2
36.0,22087.0,-52.3,-85.5,1.0,0.01,30.0,39.0,571.0,571.0,571.0
32.0,22851.0,-51.4,-85.1,1.0,0.01,15.0,27.0,592.9,593.0,592.9
30.0,23270.0,-50.9,-84.9,1.0,0.01,25.0,33.0,605.3,605.4,605.3
29.0,23491.0,-49.5,-84.5,1.0,0.01,35.0,39.0,615.0,615.1,615.0
28.0,23719.0,-50.2,-84.8,1.0,0.01,40.0,31.0,619.3,619.4,619.3
27.0,23955.0,-50.9,-85.0,1.0,0.01,15.0,21.0,623.8,623.9,623.8
26.0,24201.0,-51.6,-85.3,1.0,0.01,0.0,27.0,628.5,628.6,628.5
24.6,24560.0,-52.7,-85.7,1.0,0.01,7.0,32.0,635.4,635.5,635.4
23.0,24997.0,-50.0,-84.8,1.0,0.01,15.0,37.0,655.5,655.6,655.5
22.8,25053.0,-49.7,-84.7,1.0,0.01,19.0,38.0,658.2,658.3,658.2
22.0,25287.0,-49.7,-84.7,1.0,0.01,35.0,41.0,664.9,665.1,664.9
21.0,25591.0,-49.7,-84.7,1.0,0.01,40.0,33.0,673.8,674.0,673.8
20.0,25910.0,-49.7,-84.7,1.0,0.02,30.0,25.0,683.3,683.4,683.3
19.0,26245.0,-50.0,-84.6,1.0,0.02,20.0,23.0,692.3,692.5,692.3
18.0,26598.0,-50.4,-84.5,1.0,0.02,55.0,25.0,702.0,702.2,702.0
16.0,27367.0,-51.2,-84.3,1.0,0.02,55.0,19.0,723.5,723.7,723.5
15.7,27491.0,-51.3,-84.3,1.0,0.02,48.0,18.0,727.0,727.2,727.0
15.0,27789.0,-51.1,-84.3,1.0,0.02,30.0,16.0,737.1,737.4,737.1
14.0,28240.0,-50.8,-84.4,1.0,0.02,40.0,35.0,752.8,753.0,752.8
13.0,28724.0,-50.5,-84.5,1.0,0.02,45.0,19.0,770.0,770.3,770.0
12.0,29246.0,-50.2,-84.6,1.0,0.03,30.0,23.0,789.0,789.3,789.0
11.0,29815.0,-49.8,-84.7,1.0,0.03,40.0,25.0,810.1,810.5,810.1
10.7,29995.0,-49.7,-84.7,1.0,0.03,43.0,28.0,817.0,817.3,817.0
10.0,30440.0,-48.5,-83.5,1.0,0.04,50.0,35.0,837.4,837.9,837.4
9.0,31140.0,-46.0,-83.1,1.0,0.04,45.0,25.0,872.8,873.4,872.8
8.2,31759.0,-43.7,-82.7,1.0,0.05,17.0,24.0,905.2,905.9,905.2
8.0,31924.0,-44.6,-82.6,1.0,0.05,10.0,23.0,908.1,908.8,908.1
7.8,32094.0,-45.5,-82.5,1.0,0.06,15.0,28.0,911.0,911.8,911.0
7.0,32820.0,-43.6,-82.3,1.0,0.07,35.0,47.0,947.3,948.2,947.3
6.4,33422.0,-42.1,-82.1,1.0,0.07,32.0,39.0,978.4,979.5,978.4
6.0,33855.0,-44.2,-82.5,1.0,0.07,30.0,33.0,987.5,988.6,987.5
5.7,34199.0,-45.9,-82.9,1.0,0.07,27.0,34.0,994.7,995.8,994.7
5.3,34683.0,-45.9,-83.9,1.0,0.07,23.0,34.0,15.6,16.6,15.6
5.0,,,,,,20.0,35.0,,,
