# 10410 EDZE Essen Observations at 12Z 28 Mar 2019
p [hPa],z [m],T [C],T_dew [C],RH [%],r [g/kg],wdir [deg],SKNT [knot],THTA [K],THTE [K],THTV [K]
1018.0,147.0,10.4,5.4,71.0,5.55,230,2,282.1,297.7,283.1
1000.0,294.0,8.4,4.5,76.0,5.31,300,4,281.6,296.4,282.4
946.0,748.0,3.8,2.9,94.0,5.01,293,4,281.4,295.4,282.2
925.0,930.0,2.6,0.4,85.0,4.28,290,4,282.0,294.1,282.7
860.0,1515.0,-1.7,-1.7,100.0,3.94,294,2,283.4,294.7,284.1
852.0,1590.0,2.0,-4.0,64.0,3.35,295,2,288.0,297.9,288.6
850.0,1609.0,2.0,-4.0,64.0,3.36,295,2,288.2,298.1,288.8
754.0,2567.0,-3.5,-4.4,93.0,3.68,9,6,292.3,303.3,293.0
700.0,3150.0,-7.5,-9.9,83.0,2.59,55,8,294.1,302.1,294.6
697.0,3183.0,-7.7,-10.1,83.0,2.56,55,10,294.2,302.1,294.7
690.0,3262.0,-8.3,-10.6,83.0,2.48,62,10,294.5,302.1,294.9
666.0,3536.0,-8.9,-12.7,74.0,2.18,85,12,296.8,303.6,297.1
645.0,3784.0,-9.5,-14.5,67.0,1.94,70,13,298.8,305.0,299.2
644.0,3796.0,-9.5,-14.5,67.0,1.94,69,13,299.0,305.1,299.3
631.0,3951.0,-10.7,-15.2,70.0,1.87,60,14,299.4,305.4,299.7
594.0,4411.0,-14.2,-17.2,78.0,1.68,70,17,300.5,305.9,300.8
567.0,4766.0,-16.9,-18.7,86.0,1.55,54,19,301.4,306.4,301.6
529.0,5283.0,-19.6,-24.8,64.0,0.97,30,21,304.1,307.4,304.3
520.0,5411.0,-20.3,-26.3,59.0,0.86,35,23,304.8,307.7,304.9
510.0,5554.0,-20.9,-40.9,15.0,0.21,40,24,305.8,306.6,305.8
508.0,5583.0,-20.9,-36.9,22.0,0.32,41,24,306.1,307.3,306.2
501.0,5685.0,-21.9,-34.5,31.0,0.41,45,25,306.0,307.5,306.1
500.0,5700.0,-22.1,-34.1,33.0,0.43,45,27,306.0,307.6,306.1
494.0,5789.0,-22.9,-29.9,53.0,0.65,43,27,306.1,308.4,306.2
468.0,6183.0,-26.3,-31.3,63.0,0.6,33,26,306.6,308.8,306.8
462.0,6276.0,-26.7,-43.7,18.0,0.17,31,26,307.3,307.9,307.3
458.0,6339.0,-27.1,-35.1,47.0,0.42,29,26,307.6,309.1,307.6
449.0,6482.0,-28.1,-35.1,51.0,0.43,26,25,308.0,309.6,308.1
447.0,6513.0,-28.4,-35.4,51.0,0.42,25,25,308.1,309.6,308.1
437.0,6675.0,-29.9,-36.9,51.0,0.37,27,26,308.2,309.5,308.2
427.0,6840.0,-31.1,-53.1,10.0,0.06,29,26,308.7,308.9,308.7
416.0,7025.0,-32.3,-56.3,7.0,0.05,32,27,309.4,309.6,309.4
402.0,7265.0,-34.6,-57.7,8.0,0.04,35,27,309.5,309.7,309.6
400.0,7300.0,-34.9,-57.9,8.0,0.04,35,27,309.6,309.7,309.6
359.0,8045.0,-41.5,-50.5,37.0,0.1,15,21,310.4,310.8,310.4
349.0,8235.0,-43.1,-54.7,27.0,0.07,10,19,310.8,311.1,310.8
333.0,8551.0,-45.7,-61.7,15.0,0.03,24,23,311.4,311.5,311.4
310.0,9024.0,-49.0,-65.0,14.0,0.02,45,27,313.2,313.3,313.2
300.0,9240.0,-50.5,-66.5,13.0,0.02,40,31,314.1,314.1,314.1
264.0,10060.0,-56.2,-68.7,19.0,0.01,45,41,317.3,317.4,317.3
250.0,10410.0,-58.7,-69.7,23.0,0.01,45,37,318.7,318.7,318.7
242.0,10613.0,-59.9,-70.4,24.0,0.01,55,29,319.8,319.8,319.8
236.0,10770.0,-60.9,-70.9,26.0,0.01,45,25,320.6,320.7,320.6
231.0,10902.0,-61.0,-71.6,24.0,0.01,35,27,322.4,322.4,322.4
217.0,11290.0,-61.5,-73.5,19.0,0.01,28,26,327.5,327.5,327.5
200.0,11800.0,-57.5,-80.5,4.0,0.0,20,25,341.6,341.6,341.6
193.0,12025.0,-56.8,-81.1,3.0,0.0,30,19,346.2,346.2,346.2
184.0,12326.0,-55.9,-82.0,2.0,0.0,0,27,352.4,352.4,352.4
175.0,12642.0,-54.9,-82.9,2.0,0.0,25,19,359.1,359.1,359.1
168.0,12901.0,-55.0,-83.3,2.0,0.0,5,16,363.1,363.2,363.1
150.0,13620.0,-55.3,-84.3,2.0,0.0,5,17,374.6,374.6,374.6
147.0,13749.0,-55.1,-84.3,2.0,0.0,10,17,377.1,377.1,377.1
141.0,14015.0,-54.7,-84.3,1.0,0.0,345,14,382.4,382.4,382.4
139.0,14106.0,-54.5,-84.3,1.0,0.0,340,16,384.2,384.2,384.2
136.0,14245.0,-54.3,-84.3,1.0,0.0,346,17,387.0,387.0,387.0
132.0,14435.0,-54.6,-84.5,1.0,0.0,355,19,389.8,389.8,389.8
125.0,14782.0,-55.1,-84.8,1.0,0.0,345,25,395.0,395.1,395.0
109.0,15652.0,-56.3,-85.6,1.0,0.0,25,10,408.5,408.5,408.5
104.0,15951.0,-56.7,-85.9,1.0,0.0,345,17,413.2,413.2,413.2
100.0,16200.0,-57.1,-86.1,1.0,0.0,5,16,417.1,417.1,417.1
93.0,16659.0,-57.8,-86.3,2.0,0.0,0,8,424.5,424.5,424.5
86.3,17131.0,-58.5,-86.5,2.0,0.0,327,17,432.2,432.3,432.2
86.0,17153.0,-58.4,-86.5,2.0,0.0,325,17,432.9,432.9,432.9
83.0,17378.0,-57.4,-86.2,1.0,0.0,330,25,439.3,439.3,439.3
82.0,17455.0,-57.1,-86.2,1.0,0.0,340,25,441.6,441.6,441.6
78.7,17715.0,-55.9,-85.9,1.0,0.0,21,14,449.1,449.2,449.2
78.0,17772.0,-56.0,-85.9,1.0,0.0,30,12,450.1,450.1,450.1
76.0,17937.0,-56.3,-86.0,1.0,0.0,350,6,452.9,452.9,452.9
73.0,18193.0,-56.7,-86.0,1.0,0.0,300,12,457.3,457.3,457.3
72.0,18281.0,-56.8,-86.0,1.0,0.0,300,12,458.8,458.8,458.8
70.0,18460.0,-57.1,-86.1,1.0,0.0,325,12,461.9,461.9,461.9
68.0,18643.0,-57.7,-86.4,1.0,0.0,340,12,464.5,464.5,464.5
65.0,18928.0,-58.5,-86.9,1.0,0.0,280,6,468.6,468.7,468.6
63.0,19125.0,-59.1,-87.3,1.0,0.0,305,10,471.5,471.5,471.5
61.8,19246.0,-59.5,-87.5,2.0,0.0,311,14,473.3,473.3,473.3
61.0,19328.0,-59.4,-87.5,1.0,0.0,315,17,475.2,475.3,475.3
60.0,19432.0,-59.3,-87.4,1.0,0.0,310,14,477.8,477.8,477.8
57.0,19755.0,-59.0,-87.3,1.0,0.0,0,12,485.6,485.6,485.6
56.0,19867.0,-58.9,-87.3,1.0,0.0,5,10,488.3,488.3,488.3
52.0,20333.0,-58.4,-87.2,1.0,0.0,255,6,499.9,499.9,499.9
51.0,20455.0,-58.2,-87.1,1.0,0.0,245,10,503.0,503.0,503.0
50.0,20580.0,-58.1,-87.1,1.0,0.0,260,12,506.1,506.2,506.1
49.0,20707.0,-58.0,-87.1,1.0,0.0,275,14,509.2,509.3,509.2
47.0,20970.0,-57.9,-87.0,1.0,0.0,275,14,515.7,515.7,515.7
44.0,21386.0,-57.6,-86.9,1.0,0.0,325,27,526.1,526.1,526.1
43.0,21531.0,-57.6,-86.9,1.0,0.0,350,19,529.7,529.8,529.7
41.0,21831.0,-57.4,-86.8,1.0,0.01,5,19,537.4,537.4,537.4
39.0,22146.0,-57.2,-86.7,1.0,0.01,5,12,545.6,545.6,545.6
37.0,22478.0,-57.0,-86.6,1.0,0.01,20,2,554.3,554.4,554.3
35.0,22828.0,-56.8,-86.5,1.0,0.01,305,12,563.7,563.8,563.7
34.0,23011.0,-56.7,-86.5,1.0,0.01,340,21,568.7,568.7,568.7
33.0,23199.0,-56.6,-86.5,1.0,0.01,340,27,573.8,573.9,573.8
31.0,23593.0,-56.4,-86.3,1.0,0.01,10,21,584.8,584.8,584.8
30.0,23800.0,-56.3,-86.3,1.0,0.01,0,17,590.6,590.6,590.6
29.0,24016.0,-56.6,-86.6,1.0,0.01,345,23,595.5,595.5,595.5
28.7,24082.0,-56.7,-86.7,1.0,0.01,345,24,597.0,597.0,597.0
27.0,24473.0,-54.8,-85.8,1.0,0.01,345,31,612.8,612.9,612.8
26.0,24716.0,-53.7,-85.2,1.0,0.01,5,23,622.7,622.8,622.7
25.2,24916.0,-52.7,-84.7,1.0,0.01,353,22,631.0,631.1,631.0
25.0,24967.0,-52.8,-84.8,1.0,0.01,350,21,632.1,632.2,632.1
22.0,25788.0,-54.9,-85.6,1.0,0.01,355,23,649.5,649.6,649.5
20.4,26273.0,-56.1,-86.1,1.0,0.01,359,37,660.0,660.1,660.0
20.0,26400.0,-54.5,-86.5,1.0,0.01,0,41,668.6,668.7,668.6
19.0,26729.0,-53.9,-86.2,1.0,0.01,10,39,680.4,680.5,680.4
18.0,27075.0,-53.2,-85.9,1.0,0.01,0,47,693.0,693.1,693.0
17.2,27366.0,-52.7,-85.7,1.0,0.02,2,44,703.8,704.0,703.8
16.0,27828.0,-54.0,-85.5,1.0,0.02,5,39,714.4,714.6,714.4
15.0,28241.0,-55.1,-85.3,1.0,0.02,350,33,724.0,724.2,724.0
14.8,28327.0,-55.3,-85.3,1.0,0.02,352,34,726.0,726.2,726.0
14.0,28684.0,-53.9,-85.0,1.0,0.02,0,37,742.5,742.7,742.5
13.0,29161.0,-51.9,-84.6,1.0,0.02,350,54,765.0,765.3,765.0
12.2,29569.0,-50.3,-84.3,1.0,0.03,342,45,784.8,785.1,784.8
12.0,29676.0,-50.4,-84.3,1.0,0.03,340,43,788.4,788.7,788.4
11.0,30241.0,-50.6,-84.1,1.0,0.03,350,54,807.2,807.6,807.3
10.0,30860.0,-50.9,-83.9,1.0,0.04,340,66,828.5,828.9,828.5
9.4,31261.0,-52.3,-85.3,1.0,0.03,335,84,837.9,838.3,837.9
9.0,,,,,,335,84,,,
