# 48698 WSSS Singapore Observations at 12Z 19 Feb 2019
p [hPa],z [m],T [C],T_dew [C],RH [%],r [g/kg],wdir [deg],SKNT [knot],THTA [K],THTE [K],THTV [K]
1009.0,16,29.0,23.0,70,17.89,75.0,4.0,301.4,354.3,304.6
1000.0,103,27.8,21.8,70,16.75,55.0,7.0,300.9,350.4,304.0
969.0,380,25.2,21.3,79,16.76,45.0,11.0,301.1,350.6,304.1
927.0,770,21.6,20.6,94,16.78,45.0,10.0,301.2,350.8,304.2
925.0,789,21.4,20.3,93,16.5,45.0,10.0,301.2,349.9,304.2
876.0,1261,19.8,14.9,73,12.31,74.0,6.0,304.2,341.2,306.5
850.0,1521,17.6,15.1,85,12.86,90.0,4.0,304.6,343.2,306.9
824.0,1787,16.0,14.7,92,12.93,93.0,4.0,305.6,344.6,308.0
709.0,3056,10.4,5.6,72,8.11,109.0,3.0,312.8,338.3,314.4
700.0,3162,9.4,7.6,89,9.44,110.0,3.0,312.9,342.4,314.6
699.0,3174,9.4,7.9,90,9.65,110.0,3.0,313.0,343.2,314.8
695.0,3222,9.6,4.6,71,7.71,108.0,3.0,313.7,338.1,315.2
686.0,3330,8.8,7.3,90,9.44,104.0,3.0,314.0,343.6,315.8
675.0,3464,8.6,1.6,61,6.41,99.0,3.0,315.2,335.7,316.4
659.0,3663,7.6,1.6,66,6.56,92.0,3.0,316.3,337.3,317.5
612.0,4270,3.8,2.0,88,7.28,70.0,2.0,318.7,342.1,320.1
602.0,4404,3.4,-3.6,60,4.9,65.0,2.0,319.7,335.8,320.6
551.0,5118,-0.7,-2.9,85,5.64,39.0,1.0,323.0,341.7,324.1
544.0,5220,-1.1,-5.1,75,4.85,35.0,1.0,323.7,339.9,324.6
505.0,5811,-3.7,-17.7,33,1.89,44.0,6.0,327.5,334.3,327.9
500.0,5890,-4.1,-16.1,39,2.19,45.0,7.0,328.0,335.7,328.4
492.0,6017,-5.1,-16.1,42,2.22,50.0,8.0,328.3,336.1,328.7
487.0,6097,-5.3,-25.3,19,1.01,53.0,9.0,329.0,332.7,329.2
477.0,6259,-6.1,-22.0,27,1.39,60.0,10.0,329.9,335.0,330.2
475.0,6292,-6.3,-21.3,29,1.48,59.0,10.0,330.1,335.5,330.4
458.0,6575,-8.5,-17.5,48,2.13,51.0,10.0,330.8,338.4,331.2
455.0,6626,-8.7,-20.0,40,1.73,50.0,10.0,331.2,337.4,331.5
449.0,6729,-9.1,-25.1,26,1.12,58.0,11.0,331.9,336.1,332.1
428.0,7097,-11.9,-28.9,23,0.83,89.0,15.0,332.9,336.1,333.1
427.0,7114,-12.0,-28.9,23,0.83,90.0,15.0,333.0,336.2,333.2
419.0,7259,-12.9,-28.9,25,0.84,91.0,14.0,333.7,336.9,333.9
412.0,7387,-14.1,-21.1,55,1.73,93.0,13.0,333.7,340.1,334.1
403.0,7554,-15.1,-27.1,35,1.04,94.0,11.0,334.6,338.5,334.8
400.0,7610,-15.5,-26.5,38,1.1,95.0,11.0,334.8,338.9,335.0
380.0,7991,-18.1,-32.4,28,0.67,100.0,19.0,336.2,338.8,336.4
348.0,8645,-22.7,-42.4,15,0.26,85.0,22.0,338.7,339.8,338.7
341.0,8796,-23.7,-44.7,13,0.21,91.0,21.0,339.2,340.1,339.3
337.0,8882,-24.3,-45.5,12,0.2,95.0,21.0,339.6,340.4,339.6
320.0,9258,-26.9,-48.9,11,0.14,97.0,20.0,341.0,341.6,341.0
300.0,9720,-31.1,-45.1,24,0.23,100.0,19.0,341.4,342.4,341.5
288.0,10005,-33.4,-44.9,31,0.24,95.0,22.0,342.2,343.2,342.3
272.0,10404,-36.5,-44.5,43,0.27,107.0,25.0,343.3,344.4,343.3
268.0,10506,-37.7,-51.7,22,0.12,110.0,26.0,343.0,343.5,343.0
250.0,10980,-41.7,-53.7,26,0.1,100.0,21.0,343.9,344.4,343.9
231.0,11512,-46.2,-58.2,24,0.06,100.0,12.0,345.0,345.3,345.0
228.0,11599,-46.9,-58.9,24,0.06,102.0,10.0,345.2,345.4,345.2
216.0,11957,-48.9,-54.9,49,0.1,108.0,3.0,347.4,347.9,347.5
212.0,12079,-49.9,-56.6,45,0.09,110.0,1.0,347.8,348.2,347.8
200.0,12460,-52.9,-61.9,33,0.05,55.0,8.0,348.8,349.1,348.9
198.0,12523,-53.4,-62.4,32,0.04,50.0,10.0,349.0,349.2,349.1
194.0,12650,-54.4,-63.5,32,0.04,55.0,13.0,349.4,349.6,349.5
188.0,12845,-56.0,-65.2,31,0.03,30.0,11.0,350.1,350.2,350.1
176.0,13255,-59.3,-68.7,28,0.02,55.0,17.0,351.3,351.4,351.3
150.0,14250,-67.3,-77.3,23,0.01,35.0,20.0,354.0,354.0,354.0
149.0,14290,-67.5,-78.5,20,0.01,40.0,20.0,354.3,354.3,354.3
143.0,14535,-68.7,-80.7,16,0.0,55.0,18.0,356.4,356.4,356.4
139.0,14705,-69.5,-82.1,14,0.0,35.0,12.0,357.9,357.9,357.9
137.0,14791,-69.9,-82.9,13,0.0,45.0,11.0,358.7,358.7,358.7
135.0,14876,-70.6,-83.0,15,0.0,65.0,13.0,358.9,358.9,358.9
114.0,15855,-78.6,-84.6,38,0.0,85.0,27.0,361.8,361.8,361.8
111.0,16009,-79.9,-84.8,44,0.0,95.0,31.0,362.1,362.2,362.1
103.0,16433,-78.9,-88.2,21,0.0,130.0,33.0,371.9,371.9,371.9
100.0,16600,-78.5,-89.5,16,0.0,135.0,32.0,375.8,375.8,375.8
97.0,16772,-79.0,-89.9,16,0.0,150.0,30.0,378.1,378.1,378.1
91.0,17132,-80.1,-90.8,16,0.0,150.0,19.0,382.9,382.9,382.9
88.0,17321,-80.7,-91.2,16,0.0,125.0,16.0,385.4,385.4,385.4
86.0,17450,-81.1,-91.5,16,0.0,140.0,14.0,387.1,387.1,387.1
84.0,17583,-81.5,-91.8,16,0.0,175.0,19.0,388.9,388.9,388.9
82.0,17719,-81.9,-92.2,17,0.0,185.0,23.0,390.7,390.7,390.7
79.0,17929,-82.6,-92.6,17,0.0,170.0,22.0,393.6,393.6,393.6
77.5,18037,-82.9,-92.9,17,0.0,155.0,22.0,395.1,395.1,395.1
72.0,18451,-80.2,-91.6,14,0.0,80.0,22.0,409.3,409.3,409.3
70.0,18610,-79.1,-91.1,13,0.0,65.0,20.0,414.8,414.9,414.9
67.7,18801,-77.9,-90.9,11,0.0,80.0,25.0,421.4,421.4,421.4
67.0,18860,-78.2,-91.1,11,0.0,85.0,26.0,422.0,422.0,422.0
62.0,19301,-80.4,-92.6,12,0.0,60.0,18.0,426.6,426.6,426.6
60.9,19403,-80.9,-92.9,12,0.0,66.0,21.0,427.7,427.7,427.7
56.0,19886,-74.5,-92.5,5,0.0,95.0,37.0,452.6,452.6,452.6
54.4,20053,-72.3,-92.3,4,0.0,83.0,25.0,461.4,461.5,461.5
54.0,20098,-66.9,-89.9,3,0.0,80.0,22.0,474.9,474.9,474.9
52.0,20329,-64.0,-88.9,2,0.0,35.0,13.0,486.9,486.9,486.9
51.0,20448,-62.4,-88.4,2,0.0,305.0,9.0,493.1,493.1,493.1
50.0,20570,-60.9,-87.9,2,0.0,280.0,11.0,499.5,499.6,499.5
47.0,20952,-62.9,-88.0,2,0.0,280.0,22.0,503.8,503.8,503.8
45.2,21193,-64.1,-88.1,2,0.0,271.0,18.0,506.4,506.4,506.4
45.0,21220,-64.0,-88.1,2,0.0,270.0,17.0,507.2,507.2,507.2
44.0,21359,-63.8,-88.0,2,0.0,280.0,11.0,511.0,511.1,511.0
42.0,21647,-63.3,-87.8,2,0.0,195.0,3.0,519.1,519.1,519.1
40.0,21949,-62.8,-87.7,2,0.0,210.0,10.0,527.7,527.7,527.7
35.0,22776,-61.4,-87.2,2,0.01,270.0,29.0,552.0,552.0,552.0
32.0,23331,-60.4,-86.9,2,0.01,295.0,20.0,568.8,568.9,568.8
31.0,23527,-60.0,-86.8,2,0.01,275.0,17.0,574.9,575.0,574.9
30.0,23730,-59.7,-86.7,2,0.01,285.0,19.0,581.3,581.4,581.3
28.1,24138,-60.7,-87.7,2,0.01,304.0,10.0,589.5,589.6,589.5
28.0,24161,-60.5,-87.6,2,0.01,305.0,10.0,590.7,590.8,590.7
27.0,24391,-58.1,-86.3,2,0.01,250.0,11.0,603.5,603.6,603.5
25.0,24880,-53.1,-83.7,1,0.01,255.0,2.0,631.2,631.3,631.2
24.6,24982,-52.1,-83.1,1,0.02,264.0,3.0,637.1,637.3,637.1
21.2,25950,-49.9,-81.9,1,0.02,350.0,10.0,671.4,671.6,671.4
21.0,26012,-50.0,-82.0,1,0.02,355.0,10.0,672.8,673.1,672.8
20.0,26330,-50.7,-82.7,1,0.02,35.0,5.0,680.2,680.5,680.2
19.0,26667,-50.2,-82.5,1,0.02,145.0,10.0,691.7,691.9,691.7
17.0,27399,-49.3,-82.1,1,0.03,225.0,12.0,717.1,717.5,717.2
16.0,27798,-48.7,-81.8,1,0.03,250.0,12.0,731.4,731.8,731.4
14.0,28676,-47.5,-81.3,1,0.04,225.0,15.0,763.9,764.3,763.9
13.3,29014,-47.1,-81.1,1,0.04,232.0,13.0,776.7,777.2,776.7
13.0,29167,-46.5,-80.9,1,0.04,235.0,12.0,783.6,784.2,783.7
11.0,30287,-42.6,-79.2,1,0.07,295.0,30.0,836.5,837.3,836.5
10.7,30473,-41.9,-78.9,1,0.07,299.0,32.0,845.5,846.4,845.5
10.0,30930,-43.5,-79.5,1,0.07,310.0,36.0,856.0,857.0,856.1
9.0,31636,-43.9,-79.7,1,0.08,325.0,34.0,880.8,881.8,880.8
8.0,32424,-44.3,-79.8,1,0.09,335.0,31.0,909.3,910.4,909.3
7.0,33318,-44.8,-80.1,1,0.09,315.0,27.0,942.7,944.0,942.8
6.0,34351,-45.3,-80.3,1,0.11,35.0,16.0,982.8,984.4,982.9
5.6,34815,-40.9,-78.9,1,0.14,,,21.7,23.9,21.8
