# 01004 ENAS Ny-Alesund Ii Observations at 12Z 02 Sep 2019
p [hPa],z [m],T [C],T_dew [C],RH [%],r [g/kg],wdir [deg],SKNT [knot],THTA [K],THTE [K],THTV [K]
1003.0,8,7.8,3.1,72,4.79,120.0,12.0,280.7,294.1,281.5
1000.0,45,7.0,2.5,73,4.6,115.0,10.0,280.1,293.1,280.9
952.0,448,4.1,1.0,80,4.33,100.0,14.0,281.2,293.4,281.9
950.0,465,4.0,0.9,80,4.32,97.0,13.0,281.2,293.4,282.0
941.0,542,4.2,0.7,78,4.3,85.0,10.0,282.2,294.4,283.0
929.0,647,4.5,0.5,75,4.28,100.0,12.0,283.6,295.8,284.3
925.0,682,4.6,0.4,74,4.28,100.0,16.0,284.0,296.2,284.7
916.0,761,4.4,-0.4,71,4.06,95.0,16.0,284.6,296.3,285.3
904.0,869,4.2,-1.6,66,3.79,115.0,16.0,285.5,296.5,286.1
893.0,968,4.0,-2.6,62,3.55,110.0,14.0,286.3,296.6,286.9
878.0,1106,3.7,-4.0,57,3.24,135.0,10.0,287.4,296.9,287.9
850.0,1369,3.2,-6.8,48,2.71,140.0,10.0,289.5,297.6,290.0
843.0,1436,3.0,-7.0,48,2.7,150.0,12.0,290.0,298.1,290.5
826.0,1601,2.6,-7.4,48,2.67,130.0,12.0,291.3,299.4,291.7
808.0,1779,2.2,-7.8,48,2.64,127.0,9.0,292.6,300.7,293.1
791.0,1950,1.0,-3.1,74,3.86,124.0,7.0,293.1,304.7,293.8
772.0,2145,-0.1,-3.9,75,3.72,120.0,4.0,294.0,305.2,294.7
752.0,2355,-1.3,-4.8,77,3.58,122.0,6.0,294.9,305.7,295.6
723.0,2667,-3.1,-7.4,72,3.05,125.0,10.0,296.3,305.7,296.9
716.0,2744,-3.5,-8.0,71,2.93,110.0,10.0,296.7,305.7,297.2
700.0,2923,-4.5,-9.5,68,2.67,140.0,10.0,297.5,305.8,297.9
699.0,2934,-4.5,-9.6,68,2.65,140.0,10.0,297.5,305.8,298.0
687.0,3070,-5.1,-11.1,63,2.4,145.0,10.0,298.4,305.9,298.8
679.0,3162,-5.7,-15.7,45,1.67,148.0,10.0,298.7,304.1,299.0
617.0,3904,-11.1,-18.1,56,1.5,174.0,11.0,300.8,305.7,301.1
599.0,4131,-12.1,-36.1,12,0.29,182.0,11.0,302.2,303.3,302.3
592.0,4221,-12.3,-22.3,43,1.09,186.0,11.0,303.0,306.6,303.2
574.0,4456,-13.3,-26.3,33,0.78,194.0,12.0,304.5,307.2,304.7
572.0,4482,-13.5,-26.4,33,0.78,195.0,12.0,304.6,307.2,304.7
544.0,4860,-16.6,-27.6,38,0.73,190.0,12.0,305.3,307.8,305.4
529.0,5071,-18.3,-28.3,41,0.71,206.0,10.0,305.7,308.1,305.8
525.0,5127,-18.5,-29.6,37,0.63,210.0,10.0,306.1,308.3,306.2
513.0,5299,-19.2,-33.5,27,0.44,215.0,12.0,307.3,308.9,307.4
502.0,5460,-19.8,-37.2,20,0.31,205.0,14.0,308.5,309.6,308.6
500.0,5490,-19.9,-37.9,19,0.29,210.0,14.0,308.7,309.8,308.8
472.0,5915,-22.1,-50.1,6,0.08,222.0,17.0,311.1,311.4,311.1
469.0,5962,-22.1,-43.1,13,0.18,223.0,17.0,311.7,312.4,311.7
454.0,6199,-24.1,-45.1,13,0.15,230.0,19.0,312.1,312.7,312.2
426.0,6661,-27.9,-48.9,12,0.11,225.0,22.0,313.0,313.4,313.0
412.0,6900,-29.9,-47.9,16,0.12,222.0,24.0,313.4,313.9,313.4
409.0,6952,-30.3,-42.3,30,0.23,222.0,24.0,313.5,314.4,313.6
407.0,6987,-30.5,-38.5,45,0.34,221.0,24.0,313.7,315.0,313.8
400.0,7110,-30.9,-37.9,50,0.37,220.0,25.0,314.8,316.1,314.8
390.0,7289,-32.1,-36.1,68,0.45,219.0,27.0,315.5,317.1,315.6
378.0,7509,-33.7,-41.7,44,0.26,218.0,28.0,316.2,317.2,316.2
357.0,7907,-36.9,-41.4,63,0.29,215.0,31.0,317.1,318.2,317.1
356.0,7926,-37.0,-42.0,59,0.27,215.0,31.0,317.2,318.3,317.3
351.0,8024,-37.3,-45.3,43,0.19,215.0,32.0,318.1,318.8,318.1
325.0,8551,-40.7,-45.5,60,0.2,218.0,36.0,320.5,321.3,320.5
300.0,9090,-45.3,-48.8,68,0.15,220.0,41.0,321.4,322.0,321.4
296.0,9179,-46.1,-49.3,70,0.15,220.0,42.0,321.5,322.1,321.5
277.0,9616,-49.7,-55.7,49,0.07,222.0,48.0,322.5,322.8,322.5
271.0,9758,-50.3,-61.3,26,0.04,223.0,50.0,323.6,323.8,323.6
254.0,10177,-52.7,-60.5,38,0.04,225.0,56.0,326.1,326.3,326.1
250.0,10280,-53.3,-60.3,42,0.05,225.0,54.0,326.7,326.9,326.7
245.0,10410,-54.1,-60.1,48,0.05,227.0,53.0,327.4,327.6,327.4
241.0,10515,-54.7,-62.7,36,0.03,228.0,52.0,328.0,328.2,328.0
235.0,10675,-55.3,-64.3,32,0.03,230.0,51.0,329.5,329.6,329.5
230.0,10813,-53.5,-70.5,11,0.01,230.0,45.0,334.3,334.3,334.3
228.0,10869,-53.2,-71.1,10,0.01,230.0,43.0,335.6,335.6,335.6
200.0,11720,-48.3,-80.3,1,0.0,220.0,27.0,356.1,356.1,356.1
197.0,11820,-47.7,-80.8,1,0.0,215.0,29.0,358.7,358.7,358.7
187.0,12166,-45.5,-82.5,1,0.0,236.0,24.0,367.6,367.6,367.6
183.0,12310,-46.6,-83.2,1,0.0,245.0,21.0,368.1,368.1,368.1
178.0,12494,-47.9,-84.1,1,0.0,235.0,21.0,368.8,368.8,368.8
176.0,12569,-48.5,-84.5,1,0.0,230.0,24.0,369.0,369.1,369.0
169.0,12838,-46.2,-84.8,0,0.0,210.0,35.0,377.1,377.1,377.1
168.0,12877,-45.9,-84.9,0,0.0,212.0,33.0,378.3,378.3,378.3
158.0,13285,-47.0,-86.0,0,0.0,230.0,17.0,383.2,383.2,383.2
154.0,13455,-47.4,-86.4,0,0.0,215.0,23.0,385.2,385.2,385.2
150.0,13630,-47.9,-86.9,0,0.0,220.0,29.0,387.3,387.3,387.3
148.0,13719,-48.1,-87.0,0,0.0,225.0,33.0,388.4,388.4,388.4
139.0,14132,-49.3,-87.3,0,0.0,216.0,27.0,393.4,393.4,393.4
134.0,14375,-49.0,-87.1,0,0.0,210.0,23.0,398.0,398.0,398.0
123.0,14941,-48.3,-86.7,0,0.0,240.0,17.0,409.1,409.1,409.1
116.0,15329,-47.9,-86.4,0,0.0,250.0,16.0,416.9,416.9,416.9
113.0,15502,-47.7,-86.3,0,0.0,225.0,16.0,420.4,420.4,420.4
111.0,15620,-47.5,-86.2,0,0.0,235.0,19.0,422.8,422.8,422.8
108.0,15801,-47.3,-86.1,0,0.0,220.0,23.0,426.6,426.6,426.6
105.0,15987,-47.1,-85.9,0,0.0,245.0,17.0,430.4,430.4,430.4
100.0,16310,-46.7,-85.7,0,0.0,235.0,12.0,437.2,437.2,437.2
99.0,16376,-46.7,-85.7,0,0.0,205.0,12.0,438.4,438.4,438.4
94.0,16718,-46.9,-85.9,0,0.0,245.0,12.0,444.6,444.6,444.6
90.0,17004,-47.0,-86.0,0,0.0,205.0,14.0,449.9,449.9,449.9
85.0,17381,-47.2,-86.2,0,0.0,225.0,14.0,456.9,456.9,456.9
83.0,17538,-47.3,-86.3,0,0.0,200.0,14.0,459.8,459.9,459.8
80.0,17780,-47.5,-86.5,0,0.0,220.0,14.0,464.4,464.5,464.4
79.0,17863,-47.5,-86.5,0,0.0,200.0,14.0,466.0,466.1,466.0
73.0,18384,-47.8,-86.8,0,0.0,225.0,14.0,476.1,476.1,476.1
71.0,18567,-47.9,-86.8,0,0.0,210.0,17.0,479.7,479.7,479.7
70.0,18660,-47.9,-86.9,0,0.0,220.0,19.0,481.5,481.6,481.6
67.0,18948,-47.9,-86.9,0,0.0,255.0,12.0,487.7,487.7,487.7
64.0,19249,-47.9,-86.8,0,0.0,240.0,12.0,494.1,494.2,494.1
60.0,19672,-47.8,-86.8,0,0.0,100.0,0.0,503.4,503.5,503.4
53.0,20487,-47.7,-86.7,0,0.0,225.0,10.0,521.8,521.8,521.8
52.0,20612,-47.7,-86.7,0,0.0,245.0,10.0,524.6,524.7,524.6
50.0,20870,-47.7,-86.7,0,0.0,310.0,4.0,530.6,530.6,530.6
45.0,21559,-48.1,-86.9,0,0.0,145.0,10.0,545.8,545.9,545.8
44.0,21706,-48.2,-87.0,0,0.0,180.0,10.0,549.1,549.2,549.1
42.0,22010,-48.4,-87.0,0,0.0,180.0,10.0,556.0,556.1,556.0
41.0,22168,-48.5,-87.1,0,0.0,205.0,14.0,559.6,559.7,559.6
40.0,22329,-48.6,-87.1,0,0.01,215.0,14.0,563.4,563.4,563.4
37.0,22839,-48.9,-87.3,0,0.01,185.0,0.0,575.2,575.3,575.2
30.0,24210,-49.7,-87.7,0,0.01,265.0,4.0,608.5,608.6,608.5
24.0,25663,-51.1,-88.6,0,0.01,100.0,10.0,644.5,644.5,644.5
21.0,26532,-52.0,-89.1,0,0.01,135.0,12.0,666.9,667.0,666.9
20.0,26850,-52.3,-89.3,0,0.01,110.0,8.0,675.3,675.4,675.3
19.5,27013,-52.5,-89.5,0,0.01,94.0,8.0,679.6,679.7,679.6
18.0,27538,-51.5,-88.9,0,0.01,45.0,10.0,698.4,698.5,698.4
17.0,27912,-50.9,-88.5,0,0.01,85.0,10.0,712.0,712.2,712.1
16.0,28310,-50.1,-88.0,0,0.01,120.0,10.0,726.9,727.0,726.9
15.0,28733,-49.4,-87.5,0,0.01,95.0,10.0,743.0,743.1,743.0
14.0,29185,-48.5,-87.0,0,0.01,120.0,10.0,760.5,760.7,760.5
13.0,29670,-47.6,-86.5,0,0.02,110.0,10.0,779.9,780.1,779.9
12.0,30195,-46.7,-85.9,0,0.02,135.0,10.0,801.3,801.6,801.3
11.0,30765,-45.6,-85.2,0,0.03,60.0,10.0,825.3,825.6,825.3
10.0,31390,-44.5,-84.5,0,0.03,110.0,8.0,852.3,852.7,852.3
9.0,32107,-43.2,-83.5,0,0.04,100.0,2.0,883.4,883.9,883.4
8.0,32908,-41.7,-82.5,0,0.06,180.0,12.0,919.4,920.2,919.4
7.0,33816,-40.1,-81.3,0,0.08,175.0,12.0,962.0,963.1,962.0
6.0,34864,-38.2,-79.9,0,0.11,180.0,2.0,13.5,15.2,13.6
5.5,35456,-37.1,-79.1,0,0.14,,,43.8,46.0,43.9
