# 48698 WSSS Singapore Observations at 12Z 01 Jan 2019
p [hPa],z [m],T [C],T_dew [C],RH [%],r [g/kg],wdir [deg],SKNT [knot],THTA [K],THTE [K],THTV [K]
1012.0,16,28.4,22.4,70,17.18,0.0,4.0,300.5,351.2,303.6
1000.0,130,27.6,21.6,70,16.54,285.0,5.0,300.8,349.5,303.7
984.0,272,26.6,21.0,71,16.17,320.0,10.0,301.1,348.9,304.1
945.0,629,24.1,19.4,75,15.27,345.0,20.0,302.1,347.4,304.9
931.0,761,23.2,18.9,77,14.94,355.0,18.0,302.5,346.9,305.2
925.0,818,22.8,18.6,77,14.8,355.0,19.0,302.6,346.6,305.3
892.0,1134,19.9,18.3,91,15.11,355.0,18.0,302.7,347.7,305.5
887.0,1183,19.4,18.3,93,15.16,350.0,18.0,302.8,347.8,305.5
872.0,1330,18.6,17.7,94,14.8,335.0,16.0,303.4,347.5,306.1
859.0,1459,17.9,17.1,95,14.49,340.0,11.0,304.0,347.3,306.6
850.0,1550,17.4,16.7,96,14.28,315.0,11.0,304.4,347.1,307.0
847.0,1580,17.2,16.6,96,14.19,310.0,11.0,304.5,347.0,307.1
833.0,1721,16.5,15.9,96,13.8,315.0,14.0,305.1,346.6,307.6
795.0,2118,14.3,13.9,98,12.73,295.0,15.0,306.9,345.5,309.2
741.0,2714,11.0,11.0,100,11.25,314.0,12.0,309.6,344.1,311.6
725.0,2897,10.5,9.8,95,10.58,320.0,11.0,310.9,343.6,312.9
700.0,3190,9.6,7.8,89,9.57,320.0,15.0,313.1,343.0,314.9
689.0,3322,9.0,6.3,83,8.76,316.0,15.0,313.8,341.4,315.5
686.0,3358,8.7,6.1,84,8.67,315.0,15.0,313.9,341.1,315.5
675.0,3492,7.4,5.3,87,8.34,308.0,17.0,313.9,340.2,315.5
672.0,3529,7.6,1.6,66,6.43,306.0,18.0,314.5,335.0,315.7
664.0,3627,6.9,1.5,68,6.48,300.0,19.0,314.8,335.5,316.1
639.0,3940,4.8,1.3,78,6.61,315.0,19.0,315.9,337.0,317.1
604.0,4401,1.6,0.9,95,6.81,296.0,21.0,317.3,339.2,318.6
602.0,4427,1.5,0.6,93,6.66,295.0,21.0,317.5,338.9,318.8
580.0,4727,0.3,-3.3,77,5.19,315.0,20.0,319.4,336.5,320.4
579.0,4741,0.2,-3.5,76,5.13,314.0,20.0,319.5,336.4,320.5
568.0,4894,-0.3,-3.9,77,5.09,300.0,19.0,320.7,337.4,321.6
542.0,5269,-1.7,-4.8,79,4.98,315.0,16.0,323.4,340.0,324.4
532.0,5418,-2.2,-5.1,80,4.94,350.0,12.0,324.5,341.0,325.5
525.0,5523,-2.6,-5.4,81,4.91,355.0,12.0,325.3,341.8,326.2
521.0,5584,-2.8,-5.5,81,4.89,315.0,10.0,325.7,342.2,326.7
519.0,5615,-2.9,-5.6,82,4.88,305.0,11.0,325.9,342.4,326.9
500.0,5910,-5.3,-7.7,83,4.31,285.0,20.0,326.5,341.2,327.4
477.0,6274,-7.2,-9.2,85,4.01,290.0,23.0,328.6,342.4,329.4
464.0,6488,-8.2,-10.1,86,3.84,295.0,21.0,329.9,343.2,330.6
425.0,7168,-11.7,-13.0,90,3.33,260.0,12.0,333.8,345.6,334.5
422.0,7223,-12.0,-13.2,91,3.29,275.0,10.0,334.1,345.8,334.8
421.0,7241,-12.1,-13.3,91,3.28,275.0,10.0,334.2,345.9,334.9
400.0,7630,-14.5,-15.6,91,2.85,275.0,8.0,336.1,346.3,336.6
397.0,7687,-14.9,-15.6,94,2.88,252.0,7.0,336.3,346.6,336.8
379.0,8036,-17.1,-18.0,93,2.46,110.0,1.0,337.8,346.8,338.4
360.0,8418,-21.5,-27.5,58,1.12,117.0,8.0,336.9,341.2,337.2
359.0,8438,-21.5,-27.5,58,1.12,118.0,8.0,337.2,341.5,337.4
353.0,8562,-21.4,-24.6,75,1.48,120.0,10.0,339.0,344.6,339.3
350.0,8625,-21.3,-23.2,85,1.7,135.0,12.0,339.9,346.3,340.3
349.0,8646,-21.4,-23.4,83,1.66,140.0,12.0,340.1,346.3,340.4
346.0,8710,-21.7,-24.2,80,1.57,143.0,11.0,340.5,346.4,340.9
340.0,8838,-22.8,-27.2,67,1.22,150.0,10.0,340.7,345.4,341.0
332.0,9012,-24.3,-31.3,52,0.85,129.0,11.0,341.0,344.3,341.2
321.0,9254,-26.3,-31.9,59,0.83,100.0,12.0,341.6,344.8,341.7
315.0,9390,-27.4,-32.2,64,0.82,115.0,10.0,341.9,345.1,342.0
306.0,9599,-29.1,-32.7,71,0.8,106.0,15.0,342.3,345.5,342.5
305.0,9622,-29.3,-32.9,70,0.79,105.0,16.0,342.4,345.5,342.6
300.0,9740,-30.1,-34.1,68,0.72,110.0,16.0,342.8,345.7,343.0
292.0,9932,-31.5,-42.5,33,0.31,121.0,17.0,343.5,344.8,343.6
289.0,10005,-32.1,-38.0,56,0.5,125.0,17.0,343.7,345.7,343.8
288.0,10029,-32.3,-36.5,66,0.59,124.0,17.0,343.7,346.1,343.8
273.0,10404,-35.7,-39.5,68,0.46,110.0,19.0,344.1,345.9,344.2
268.0,10532,-36.5,-39.8,71,0.45,105.0,19.0,344.7,346.6,344.8
267.0,10558,-36.5,-43.5,48,0.31,104.0,20.0,345.1,346.4,345.2
265.0,10610,-36.9,-42.9,54,0.33,101.0,21.0,345.3,346.6,345.3
264.0,10636,-37.1,-51.1,22,0.13,99.0,21.0,345.4,345.9,345.4
261.0,10714,-37.7,-52.3,20,0.12,95.0,23.0,345.6,346.1,345.6
254.0,10901,-39.1,-55.1,17,0.09,92.0,26.0,346.2,346.6,346.2
250.0,11010,-39.5,-54.5,19,0.09,90.0,28.0,347.2,347.6,347.2
235.0,11431,-43.3,-54.3,29,0.1,86.0,36.0,347.6,348.1,347.7
230.0,11576,-44.3,-48.2,65,0.21,85.0,39.0,348.3,349.2,348.3
227.0,11664,-45.1,-51.1,51,0.15,84.0,41.0,348.4,349.0,348.4
225.0,11724,-45.5,-60.5,17,0.05,83.0,42.0,348.6,348.9,348.6
214.0,12054,-48.3,-63.3,16,0.04,80.0,49.0,349.4,349.5,349.4
201.0,12468,-51.7,-66.7,15,0.02,85.0,44.0,350.2,350.4,350.2
200.0,12500,-51.7,-66.7,15,0.02,85.0,44.0,350.7,350.9,350.7
183.0,13067,-57.1,-64.4,39,0.04,85.0,41.0,350.9,351.1,351.0
176.0,13316,-59.5,-63.4,60,0.04,87.0,44.0,351.0,351.2,351.0
169.0,13570,-61.3,-68.3,39,0.02,89.0,47.0,352.1,352.2,352.1
158.0,13984,-64.9,-67.8,67,0.03,92.0,52.0,352.8,352.9,352.8
153.0,14180,-66.5,-74.5,32,0.01,94.0,55.0,353.3,353.4,353.3
150.0,14300,-67.5,-75.5,31,0.01,95.0,56.0,353.6,353.7,353.6
142.0,14627,-70.1,-74.7,51,0.01,103.0,58.0,354.7,354.7,354.7
140.0,14710,-70.8,-75.7,49,0.01,105.0,58.0,354.8,354.9,354.8
129.0,15184,-75.0,-81.3,37,0.0,105.0,62.0,355.8,355.8,355.8
120.0,15604,-78.7,-86.3,28,0.0,95.0,71.0,356.5,356.5,356.5
118.0,15701,-79.5,-87.5,26,0.0,93.0,64.0,356.6,356.6,356.6
115.0,15848,-76.1,-89.1,11,0.0,89.0,53.0,365.6,365.6,365.6
108.0,16210,-76.1,-93.1,5,0.0,80.0,28.0,372.2,372.2,372.2
104.0,16426,-77.5,-92.5,8,0.0,75.0,12.0,373.6,373.6,373.6
100.0,16650,-78.9,-91.9,11,0.0,10.0,5.0,375.0,375.0,375.0
94.0,16998,-80.5,-92.4,13,0.0,335.0,15.0,378.5,378.5,378.5
85.0,17565,-83.2,-93.3,17,0.0,45.0,17.0,384.1,384.2,384.1
84.7,17585,-83.3,-93.3,17,0.0,40.0,16.0,384.4,384.4,384.4
82.0,17764,-83.6,-93.3,18,0.0,65.0,10.0,387.3,387.3,387.3
76.0,18185,-84.4,-93.2,21,0.0,105.0,3.0,394.2,394.2,394.2
70.8,18577,-85.1,-93.1,24,0.0,53.0,11.0,400.7,400.7,400.7
70.0,18640,-84.5,-92.5,24,0.0,45.0,12.0,403.3,403.3,403.3
69.0,18720,-84.4,-92.5,24,0.0,35.0,17.0,405.2,405.2,405.2
64.0,19137,-83.9,-92.3,22,0.0,50.0,13.0,415.2,415.2,415.2
61.0,19403,-83.5,-92.2,21,0.0,90.0,17.0,421.6,421.7,421.6
57.5,19730,-83.1,-92.1,20,0.0,104.0,32.0,429.8,429.8,429.8
56.0,19879,-80.1,-89.9,19,0.0,110.0,38.0,439.9,439.9,439.9
55.7,19909,-79.5,-89.5,18,0.0,,,441.9,441.9,441.9
