# 10410 EDZE Essen Observations at 12Z 14 Mar 2019
p [hPa],z [m],T [C],T_dew [C],RH [%],r [g/kg],wdir [deg],SKNT [knot],THTA [K],THTE [K],THTV [K]
1000.0,-7,,,,,,,,,
981.0,147,5.4,4.7,95.0,5.49,205.0,14.0,280.1,295.3,281.0
959.0,332,3.9,3.5,97.0,5.16,230.0,35.0,280.4,294.8,281.3
925.0,627,1.6,1.6,100.0,4.67,240.0,43.0,280.9,294.1,281.7
890.0,937,-0.5,-0.5,100.0,4.16,247.0,48.0,281.9,293.7,282.6
850.0,1304,-2.1,-2.1,100.0,3.87,255.0,54.0,283.9,295.1,284.6
845.0,1350,-2.3,-2.3,100.0,3.83,260.0,56.0,284.2,295.2,284.8
817.0,1615,-3.6,-3.6,100.0,3.6,270.0,51.0,285.6,296.0,286.2
724.0,2564,-8.2,-8.3,99.0,2.84,270.0,39.0,290.6,299.1,291.0
700.0,2829,-9.5,-9.6,99.0,2.65,265.0,49.0,291.9,300.0,292.4
681.0,3040,-10.4,-10.6,99.0,2.52,270.0,54.0,293.2,300.9,293.7
628.0,3663,-13.1,-13.5,97.0,2.16,275.0,54.0,297.0,303.8,297.4
568.0,4424,-16.5,-17.3,94.0,1.74,282.0,54.0,301.7,307.3,302.0
533.0,4899,-20.1,-22.6,80.0,1.18,286.0,54.0,302.9,306.8,303.1
500.0,5370,-23.7,-25.1,88.0,1.0,290.0,54.0,304.1,307.5,304.3
460.0,5971,-29.1,-29.6,95.0,0.72,290.0,59.0,304.7,307.1,304.8
452.0,6095,-30.1,-31.6,87.0,0.61,290.0,60.0,304.9,307.0,305.0
430.0,6448,-33.1,-37.2,67.0,0.37,292.0,69.0,305.5,306.8,305.6
420.0,6612,-34.7,-45.7,32.0,0.15,293.0,73.0,305.5,306.1,305.6
410.0,6779,-35.9,-52.9,16.0,0.07,294.0,77.0,306.1,306.4,306.1
400.0,6950,-36.9,-56.9,11.0,0.04,295.0,82.0,306.9,307.1,307.0
393.0,7072,-37.4,-58.3,10.0,0.04,295.0,84.0,307.8,308.0,307.8
392.0,7090,-37.5,-58.5,9.0,0.04,295.0,84.0,307.9,308.1,307.9
300.0,8890,-50.1,-66.1,13.0,0.02,300.0,82.0,314.6,314.7,314.6
296.0,8977,-50.9,-65.9,15.0,0.02,300.0,80.0,314.7,314.8,314.7
272.0,9519,-53.5,-68.5,14.0,0.01,300.0,72.0,318.6,318.7,318.6
250.0,10060,-56.1,-71.1,14.0,0.01,295.0,87.0,322.5,322.6,322.5
244.0,10215,-56.7,-70.7,15.0,0.01,297.0,89.0,323.9,323.9,323.9
233.0,10506,-57.5,-72.8,13.0,0.01,300.0,93.0,327.0,327.0,327.0
203.0,11377,-59.9,-78.9,7.0,0.0,305.0,82.0,336.3,336.3,336.3
200.0,11470,-59.7,-79.7,6.0,0.0,305.0,80.0,338.1,338.1,338.1
182.0,12057,-59.5,-81.9,4.0,0.0,305.0,66.0,347.7,347.7,347.7
173.0,12373,-59.3,-83.0,3.0,0.0,305.0,80.0,353.0,353.0,353.0
171.0,12446,-59.3,-83.3,3.0,0.0,305.0,77.0,354.2,354.2,354.2
162.0,12786,-55.7,-82.7,2.0,0.0,308.0,65.0,365.8,365.8,365.8
152.0,13187,-58.2,-84.4,2.0,0.0,310.0,51.0,368.2,368.2,368.2
150.0,13270,-58.7,-84.7,2.0,0.0,305.0,51.0,368.8,368.8,368.8
143.0,13570,-59.1,-84.8,2.0,0.0,310.0,60.0,373.1,373.1,373.1
108.0,15329,-61.5,-85.5,3.0,0.0,300.0,41.0,399.7,399.8,399.8
100.0,15810,-59.7,-85.7,2.0,0.0,300.0,45.0,412.1,412.1,412.1
70.0,18020,-63.5,-87.5,3.0,0.0,305.0,47.0,448.2,448.2,448.2
66.9,18298,-63.7,-87.7,3.0,0.0,309.0,50.0,453.6,453.6,453.6
66.0,18382,-63.3,-87.6,2.0,0.0,310.0,51.0,456.2,456.3,456.2
58.6,19118,-59.7,-86.7,2.0,0.0,287.0,49.0,480.1,480.1,480.1
58.0,19182,-59.9,-86.9,2.0,0.0,285.0,49.0,481.1,481.1,481.1
55.0,19513,-60.8,-87.8,2.0,0.0,305.0,45.0,486.5,486.5,486.5
54.5,19570,-60.9,-87.9,2.0,0.0,,,487.4,487.4,487.4
