# 01004 ENAS Ny-Alesund Ii Observations at 12Z 21 May 2019
p [hPa],z [m],T [C],T_dew [C],RH [%],r [g/kg],wdir [deg],SKNT [knot],THTA [K],THTE [K],THTV [K]
1028.0,8,-2.7,-7.7,68,2.09,200.0,2.0,268.3,274.1,268.7
1000.0,233,-5.5,-9.2,75,1.91,85.0,6.0,267.6,273.0,268.0
937.0,739,-9.3,-10.6,90,1.83,98.0,7.0,268.8,273.9,269.1
925.0,839,-8.9,-11.0,85,1.79,100.0,8.0,270.2,275.3,270.5
903.0,1026,-7.1,-15.1,53,1.32,80.0,8.0,273.9,277.8,274.1
892.0,1121,-7.3,-17.3,45,1.11,70.0,8.0,274.7,278.0,274.9
884.0,1191,-7.3,-12.3,67,1.69,62.0,8.0,275.4,280.3,275.7
850.0,1495,-8.3,-17.3,48,1.16,30.0,8.0,277.4,280.9,277.6
812.0,1849,-9.1,-24.1,29,0.68,15.0,9.0,280.2,282.4,280.4
801.0,1955,-9.3,-21.3,37,0.87,10.0,10.0,281.1,283.8,281.2
783.0,2130,-9.7,-16.7,57,1.33,357.0,10.0,282.5,286.6,282.8
774.0,2219,-10.1,-17.8,53,1.22,350.0,10.0,283.1,286.8,283.3
759.0,2370,-10.7,-19.7,48,1.06,348.0,12.0,284.0,287.3,284.1
748.0,2482,-11.1,-15.0,73,1.6,346.0,14.0,284.7,289.6,285.0
741.0,2554,-11.3,-18.3,56,1.23,345.0,15.0,285.3,289.1,285.5
739.0,2575,-11.2,-24.2,33,0.74,345.0,16.0,285.6,288.0,285.8
738.0,2586,-11.1,-27.1,25,0.57,346.0,15.0,285.8,287.6,285.9
725.0,2722,-12.1,-20.2,51,1.06,355.0,14.0,286.1,289.5,286.3
718.0,2796,-12.7,-16.5,73,1.47,349.0,14.0,286.3,290.8,286.6
700.0,2989,-14.3,-19.1,67,1.21,335.0,16.0,286.6,290.4,286.8
699.0,3000,-14.4,-19.1,67,1.21,335.0,16.0,286.6,290.4,286.8
661.0,3420,-18.1,-19.4,90,1.25,340.0,19.0,287.1,291.0,287.3
659.0,3443,-18.3,-19.4,91,1.26,339.0,20.0,287.1,291.0,287.3
655.0,3488,-18.7,-21.3,80,1.07,337.0,20.0,287.1,290.5,287.3
652.0,3522,-18.5,-28.5,41,0.56,336.0,20.0,287.8,289.6,287.9
644.0,3614,-18.5,-31.5,31,0.43,332.0,21.0,288.8,290.2,288.8
611.0,4004,-20.4,-37.0,21,0.26,315.0,23.0,291.0,291.9,291.0
599.0,4151,-21.1,-39.1,18,0.22,319.0,25.0,291.8,292.6,291.8
583.0,4350,-22.1,-45.1,11,0.12,325.0,27.0,292.9,293.3,292.9
582.0,4362,-22.2,-44.9,11,0.12,325.0,27.0,292.9,293.4,292.9
530.0,5042,-27.3,-35.3,47,0.36,322.0,32.0,294.8,296.0,294.8
526.0,5097,-27.7,-36.7,42,0.32,322.0,32.0,294.9,296.0,295.0
523.0,5138,-27.3,-50.3,9,0.07,321.0,33.0,295.9,296.1,295.9
500.0,5460,-28.9,-50.9,10,0.07,320.0,35.0,297.7,298.0,297.8
475.0,5826,-31.3,-54.3,9,0.05,320.0,36.0,299.2,299.4,299.2
442.0,6332,-35.5,-44.5,39,0.17,320.0,38.0,300.1,300.7,300.1
400.0,7020,-40.5,-53.5,23,0.07,320.0,41.0,302.3,302.5,302.3
378.0,7402,-43.7,-52.7,36,0.08,320.0,42.0,303.0,303.3,303.0
365.0,7636,-45.3,-54.3,36,0.07,320.0,43.0,303.9,304.1,303.9
341.0,8086,-47.6,-59.1,26,0.04,320.0,45.0,306.7,306.9,306.7
336.0,8184,-48.1,-60.1,24,0.03,325.0,43.0,307.3,307.5,307.3
313.0,8650,-47.7,-70.7,5,0.01,325.0,42.0,314.2,314.2,314.2
300.0,8930,-47.5,-69.5,6,0.01,325.0,41.0,318.3,318.3,318.3
250.0,10140,-44.1,-83.1,1,0.0,325.0,31.0,340.4,340.4,340.4
228.0,10759,-43.4,-82.8,1,0.0,335.0,29.0,350.4,350.5,350.4
213.0,11217,-43.0,-82.7,1,0.0,325.0,25.0,358.1,358.1,358.1
208.0,11376,-42.8,-82.6,1,0.0,315.0,29.0,360.8,360.8,360.8
201.0,11606,-42.5,-82.5,0,0.0,330.0,27.0,364.7,364.7,364.7
200.0,11640,-42.5,-82.5,0,0.0,330.0,27.0,365.3,365.3,365.3
195.0,11811,-42.3,-82.8,0,0.0,315.0,25.0,368.2,368.3,368.2
189.0,12022,-42.1,-83.1,0,0.0,321.0,26.0,371.9,371.9,371.9
180.0,12351,-42.3,-83.1,0,0.0,330.0,27.0,376.8,376.8,376.8
150.0,13580,-43.1,-83.1,0,0.0,320.0,27.0,395.6,395.6,395.6
138.0,14137,-43.4,-83.3,0,0.0,315.0,23.0,404.7,404.7,404.7
133.0,14384,-43.5,-83.5,0,0.0,325.0,25.0,408.8,408.8,408.8
127.0,14692,-43.6,-83.6,0,0.0,310.0,27.0,413.9,414.0,413.9
108.0,15776,-44.1,-84.1,0,0.0,335.0,21.0,432.7,432.7,432.7
100.0,16290,-44.3,-84.3,0,0.0,315.0,25.0,441.8,441.9,441.8
89.0,17068,-44.7,-84.4,0,0.0,315.0,27.0,456.0,456.0,456.0
85.0,17374,-44.9,-84.4,0,0.0,335.0,21.0,461.7,461.8,461.7
80.0,17779,-45.0,-84.4,0,0.0,320.0,25.0,469.4,469.4,469.4
75.0,18210,-45.3,-84.5,0,0.0,335.0,23.0,477.7,477.7,477.7
71.0,18575,-45.5,-84.5,0,0.0,315.0,27.0,484.8,484.8,484.8
70.0,18670,-45.5,-84.5,0,0.0,320.0,29.0,486.7,486.7,486.7
69.0,18766,-45.4,-84.5,0,0.0,340.0,29.0,489.0,489.0,489.0
67.0,18963,-45.1,-84.5,0,0.0,0.0,21.0,493.7,493.7,493.7
65.0,19165,-44.8,-84.5,0,0.0,0.0,12.0,498.6,498.6,498.6
64.0,19269,-44.7,-84.5,0,0.0,340.0,10.0,501.1,501.1,501.1
63.0,19374,-44.5,-84.5,0,0.01,320.0,12.0,503.7,503.7,503.7
62.8,19395,-44.5,-84.5,0,0.01,318.0,12.0,504.2,504.2,504.2
62.0,19481,-44.8,-84.7,0,0.0,310.0,16.0,505.4,505.4,505.4
59.0,19810,-46.0,-85.5,0,0.0,335.0,14.0,509.9,509.9,509.9
56.0,20158,-47.3,-86.3,0,0.0,330.0,14.0,514.6,514.7,514.6
55.5,20217,-47.5,-86.5,0,0.0,323.0,14.0,515.5,515.5,515.5
54.0,20399,-47.0,-86.0,0,0.0,300.0,14.0,520.7,520.8,520.7
51.0,20779,-45.9,-84.9,0,0.01,335.0,21.0,531.9,531.9,531.9
50.0,20910,-45.5,-84.5,0,0.01,335.0,21.0,535.8,535.8,535.8
41.0,22239,-44.4,-83.8,0,0.01,350.0,21.0,569.8,569.8,569.8
39.0,22573,-44.1,-83.6,0,0.01,20.0,21.0,578.6,578.7,578.6
36.0,23109,-43.7,-83.3,0,0.01,340.0,19.0,593.2,593.3,593.2
34.0,23492,-43.4,-83.1,0,0.01,0.0,25.0,603.8,603.9,603.8
31.0,24110,-42.9,-82.8,0,0.01,345.0,21.0,621.3,621.4,621.3
30.0,24330,-42.7,-82.7,0,0.01,350.0,21.0,627.6,627.7,627.6
29.5,24444,-42.3,-82.3,1,0.02,2.0,19.0,631.7,631.9,631.7
29.0,24559,-42.4,-82.4,0,0.02,15.0,17.0,634.5,634.6,634.5
28.0,24795,-42.7,-82.7,0,0.02,355.0,19.0,640.2,640.3,640.2
27.0,25040,-42.9,-82.9,0,0.02,15.0,16.0,646.1,646.3,646.1
26.0,25294,-43.2,-83.2,0,0.02,0.0,12.0,652.4,652.5,652.4
25.0,25558,-43.5,-83.5,0,0.02,0.0,16.0,658.9,659.1,658.9
24.0,25832,-43.8,-83.8,0,0.01,345.0,17.0,665.8,666.0,665.8
22.3,26327,-44.3,-84.3,0,0.01,2.0,17.0,678.4,678.5,678.4
22.0,26418,-44.0,-84.1,0,0.02,5.0,17.0,681.9,682.0,681.9
21.0,26731,-43.0,-83.5,0,0.02,340.0,17.0,694.1,694.3,694.1
20.0,27060,-41.9,-82.9,0,0.02,20.0,21.0,707.1,707.4,707.1
19.0,27408,-41.7,-82.7,0,0.02,20.0,12.0,718.3,718.5,718.3
18.0,27775,-41.4,-82.4,0,0.02,340.0,17.0,730.2,730.5,730.2
17.0,28162,-41.2,-82.2,0,0.03,345.0,21.0,743.1,743.4,743.1
16.0,28573,-40.9,-81.9,0,0.03,40.0,10.0,757.0,757.3,757.0
15.0,29011,-41.3,-82.3,0,0.03,30.0,14.0,769.8,770.2,769.9
14.0,29479,-41.6,-82.6,0,0.03,50.0,10.0,783.9,784.2,783.9
13.0,29981,-42.1,-83.1,0,0.03,10.0,4.0,799.2,799.6,799.2
12.9,30033,-42.1,-83.1,0,0.03,14.0,5.0,800.8,801.2,800.8
12.0,30526,-39.3,-81.0,0,0.05,50.0,14.0,827.5,828.1,827.5
11.7,30699,-38.3,-80.3,0,0.05,47.0,14.0,837.0,837.7,837.0
11.0,31124,-38.0,-80.0,0,0.06,40.0,16.0,853.0,853.8,853.1
10.0,31780,-37.5,-79.5,0,0.07,0.0,6.0,878.4,879.4,878.5
9.0,32518,-35.6,-78.4,0,0.1,35.0,8.0,912.6,913.9,912.6
8.0,33342,-33.5,-77.2,0,0.13,70.0,12.0,952.3,954.2,952.4
7.0,34277,-31.0,-75.8,0,0.18,100.0,12.0,999.4,2.1,999.5
6.8,34480,-30.5,-75.5,0,0.2,,,9.9,12.8,10.0
