# 48698 WSSS Singapore Observations at 12Z 17 Jul 2019
p [hPa],z [m],T [C],T_dew [C],RH [%],r [g/kg],wdir [deg],SKNT [knot],THTA [K],THTE [K],THTV [K]
1005.0,16.0,30.6,21.6,59.0,16.46,205,7,303.3,352.4,306.3
1001.0,54.0,29.5,21.3,61.0,16.19,175,10,302.5,350.7,305.5
1000.0,64.0,29.2,21.2,62.0,16.13,175,10,302.4,350.3,305.3
925.0,753.0,22.4,19.1,82.0,15.29,165,16,302.2,347.6,305.0
919.0,810.0,22.0,18.9,83.0,15.19,165,16,302.4,347.5,305.1
894.0,1049.0,20.8,15.7,73.0,12.73,165,17,303.5,341.6,305.8
870.0,1285.0,19.6,12.6,64.0,10.64,175,14,304.6,336.7,306.6
869.0,1295.0,19.6,12.1,62.0,10.32,175,14,304.7,335.9,306.6
858.0,1404.0,19.7,6.8,43.0,7.25,200,14,306.0,328.2,307.3
850.0,1485.0,19.8,2.8,32.0,5.54,200,13,306.9,324.1,307.9
846.0,1526.0,19.6,-1.4,24.0,4.1,203,12,307.1,320.1,307.8
844.0,1546.0,19.5,-2.3,23.0,3.84,205,12,307.1,319.3,307.9
832.0,1669.0,18.7,-7.9,16.0,2.54,190,12,307.6,315.8,308.0
831.0,1679.0,18.6,-8.4,15.0,2.45,192,12,307.6,315.6,308.1
819.0,1803.0,17.5,-3.1,24.0,3.72,215,13,307.7,319.6,308.4
816.0,1835.0,17.2,-1.8,27.0,4.13,215,13,307.7,320.8,308.5
808.0,1918.0,16.1,5.0,48.0,6.83,215,14,307.5,328.6,308.7
798.0,2024.0,14.8,13.7,93.0,12.5,242,13,307.1,345.1,309.4
797.0,2035.0,14.8,13.6,93.0,12.45,245,13,307.2,345.0,309.5
786.0,2152.0,14.2,12.7,91.0,11.9,235,12,307.9,344.1,310.1
728.0,2799.0,11.4,7.8,79.0,9.2,262,18,311.6,340.2,313.3
722.0,2868.0,12.1,6.4,68.0,8.44,265,19,313.1,339.6,314.6
721.0,2880.0,12.2,6.2,67.0,8.31,266,19,313.3,339.4,314.9
710.0,3009.0,11.9,5.4,64.0,7.96,275,16,314.3,339.5,315.9
700.0,3128.0,11.6,4.6,62.0,7.65,260,18,315.3,339.6,316.8
692.0,3224.0,11.3,3.6,59.0,7.21,245,13,316.0,339.1,317.4
678.0,3395.0,10.8,1.8,54.0,6.47,247,13,317.3,338.2,318.5
629.0,4015.0,7.2,-1.8,53.0,5.37,255,12,320.1,337.7,321.1
621.0,4121.0,6.6,-2.4,53.0,5.19,252,11,320.5,337.7,321.6
604.0,4346.0,4.8,-3.3,56.0,4.99,245,10,321.0,337.5,322.0
582.0,4647.0,2.4,-4.5,60.0,4.73,210,10,321.6,337.4,322.6
566.0,4873.0,0.6,-5.4,64.0,4.54,225,10,322.1,337.2,323.0
556.0,5016.0,0.2,-7.2,58.0,4.04,235,10,323.3,336.9,324.1
549.0,5117.0,-0.0,-8.4,53.0,3.71,230,12,324.2,336.8,324.9
531.0,5384.0,-0.7,-11.7,43.0,2.96,252,11,326.5,336.7,327.1
525.0,5474.0,-1.5,-12.3,44.0,2.86,260,10,326.6,336.5,327.1
506.0,5766.0,-4.1,-14.1,46.0,2.55,230,6,326.9,335.8,327.4
503.0,5813.0,-3.5,-24.5,18.0,1.05,225,6,328.1,332.0,328.4
500.0,5860.0,-3.7,-31.7,9.0,0.54,220,5,328.5,330.6,328.6
487.0,6068.0,-5.3,-37.3,6.0,0.32,222,4,329.0,330.2,329.0
468.0,6380.0,-7.7,-21.7,32.0,1.45,225,3,329.8,335.1,330.1
453.0,6634.0,-9.3,-30.3,16.0,0.68,227,2,330.8,333.4,331.0
449.0,6702.0,-9.9,-18.9,48.0,1.92,228,2,330.9,337.9,331.3
446.0,6754.0,-10.1,-23.1,34.0,1.34,228,2,331.3,336.2,331.6
443.0,6807.0,-10.7,-16.7,61.0,2.35,229,1,331.2,339.6,331.7
437.0,6912.0,-10.9,-28.8,21.0,0.82,230,1,332.2,335.4,332.4
430.0,7036.0,-11.1,-43.1,5.0,0.2,210,2,333.5,334.3,333.6
400.0,7590.0,-14.3,-56.3,1.0,0.05,120,5,336.3,336.5,336.3
384.0,7895.0,-16.0,-56.5,2.0,0.05,140,10,338.0,338.2,338.0
361.0,8357.0,-18.7,-56.9,2.0,0.05,150,18,340.5,340.7,340.5
359.0,8399.0,-18.9,-56.9,2.0,0.05,151,17,340.7,340.9,340.7
342.0,8751.0,-22.0,-52.2,5.0,0.09,160,13,341.2,341.6,341.2
300.0,9700.0,-30.5,-39.5,41.0,0.41,170,16,342.3,344.0,342.4
293.0,9867.0,-32.1,-39.0,51.0,0.45,170,13,342.3,344.1,342.4
286.0,10038.0,-33.8,-38.4,63.0,0.49,190,10,342.3,344.3,342.4
283.0,10113.0,-34.5,-38.2,69.0,0.5,210,8,342.3,344.3,342.4
276.0,10286.0,-35.9,-39.0,73.0,0.48,270,11,342.8,344.7,342.9
258.0,10754.0,-39.5,-41.1,85.0,0.41,317,19,344.1,345.8,344.2
257.0,10781.0,-39.7,-41.3,84.0,0.4,320,19,344.2,345.9,344.3
250.0,10970.0,-40.9,-42.8,82.0,0.35,330,15,345.1,346.6,345.2
235.0,11388.0,-43.9,-48.2,62.0,0.21,345,14,346.7,347.6,346.8
225.0,11677.0,-46.4,-49.3,72.0,0.19,355,13,347.3,348.1,347.3
223.0,11737.0,-46.9,-49.5,75.0,0.19,12,12,347.4,348.2,347.4
222.0,11767.0,-47.0,-51.3,61.0,0.15,20,11,347.7,348.3,347.7
221.0,11797.0,-47.1,-53.1,50.0,0.12,22,12,347.9,348.5,348.0
220.0,11827.0,-47.4,-52.9,53.0,0.13,25,12,348.0,348.6,348.1
217.0,11917.0,-48.1,-52.4,61.0,0.14,31,14,348.2,348.8,348.3
215.0,11978.0,-48.3,-56.3,39.0,0.09,35,15,348.8,349.2,348.9
214.0,12009.0,-48.3,-59.3,27.0,0.06,37,15,349.3,349.6,349.3
208.0,12194.0,-49.9,-59.6,31.0,0.06,50,19,349.6,349.9,349.7
202.0,12385.0,-51.5,-60.0,36.0,0.06,45,26,350.0,350.3,350.0
200.0,12450.0,-52.1,-60.1,38.0,0.06,50,27,350.1,350.4,350.1
183.0,13019.0,-57.1,-62.1,53.0,0.05,70,38,351.0,351.2,351.0
181.0,13089.0,-57.7,-62.3,56.0,0.05,70,39,351.1,351.3,351.1
164.0,13699.0,-62.9,-68.2,48.0,0.02,65,43,352.5,352.6,352.5
150.0,14250.0,-67.5,-73.5,42.0,0.01,70,57,353.6,353.7,353.6
146.0,14412.0,-68.5,-74.5,42.0,0.01,70,64,354.6,354.7,354.6
137.0,14790.0,-71.1,-81.1,22.0,0.0,70,82,356.5,356.6,356.5
134.0,14921.0,-70.2,-86.2,8.0,0.0,70,88,360.4,360.4,360.4
133.0,14965.0,-69.9,-87.9,6.0,0.0,71,86,361.7,361.7,361.7
132.0,15010.0,-69.7,-86.7,7.0,0.0,72,84,362.9,362.9,362.9
113.0,15913.0,-75.2,-86.2,17.0,0.0,95,42,369.0,369.0,369.0
102.0,16507.0,-78.9,-85.9,31.0,0.0,85,16,372.9,372.9,372.9
101.0,16563.0,-78.6,-86.1,29.0,0.0,80,15,374.6,374.6,374.6
100.0,16620.0,-78.3,-86.3,27.0,0.0,80,16,376.2,376.2,376.2
97.0,16793.0,-78.8,-86.8,26.0,0.0,100,19,378.4,378.4,378.4
93.5,17002.0,-79.5,-87.5,26.0,0.0,93,25,381.1,381.1,381.1
92.0,17095.0,-76.5,-87.5,16.0,0.0,90,27,388.8,388.8,388.8
91.0,17158.0,-74.5,-87.5,12.0,0.0,85,22,394.0,394.0,394.0
89.0,17288.0,-73.5,-88.0,10.0,0.0,75,13,398.4,398.4,398.4
87.0,17420.0,-72.5,-88.5,8.0,0.0,90,11,403.0,403.0,403.0
86.9,17427.0,-72.5,-88.5,7.0,0.0,93,11,403.2,403.3,403.2
85.0,17557.0,-72.8,-89.1,7.0,0.0,145,11,405.3,405.3,405.3
84.0,17626.0,-72.9,-89.4,7.0,0.0,145,11,406.4,406.4,406.4
83.0,17696.0,-73.0,-89.7,7.0,0.0,130,10,407.5,407.5,407.5
81.0,17839.0,-73.3,-90.3,6.0,0.0,54,6,409.8,409.8,409.8
80.0,17912.0,-72.0,-90.5,5.0,0.0,15,4,413.8,413.8,413.8
78.3,18039.0,-69.9,-90.9,3.0,0.0,307,9,420.8,420.8,420.8
78.0,18062.0,-70.0,-90.9,3.0,0.0,295,10,421.0,421.1,421.0
74.0,18372.0,-71.6,-91.1,4.0,0.0,275,17,424.1,424.1,424.1
70.0,18700.0,-73.3,-91.3,5.0,0.0,300,16,427.2,427.2,427.2
68.0,18869.0,-73.9,-91.9,5.0,0.0,285,8,429.5,429.5,429.5
67.0,18956.0,-73.9,-91.9,5.0,0.0,260,10,431.3,431.3,431.3
65.9,19052.0,-73.9,-91.9,5.0,0.0,257,15,433.4,433.4,433.4
65.0,19133.0,-73.3,-92.6,4.0,0.0,255,19,436.4,436.4,436.4
63.8,19242.0,-72.5,-93.5,3.0,0.0,246,15,440.5,440.5,440.5
63.0,19317.0,-70.4,-93.7,2.0,0.0,240,12,446.7,446.7,446.7
62.0,19412.0,-67.7,-94.0,1.0,0.0,260,22,454.7,454.7,454.7
61.4,19470.0,-66.1,-94.1,1.0,0.0,259,23,459.5,459.5,459.5
59.0,19711.0,-66.4,-94.2,1.0,0.0,255,29,464.1,464.1,464.1
57.0,19919.0,-66.7,-94.3,1.0,0.0,260,25,468.1,468.1,468.1
53.0,20358.0,-67.2,-94.5,1.0,0.0,315,22,476.6,476.6,476.6
51.0,20590.0,-67.5,-94.6,1.0,0.0,320,13,481.2,481.2,481.2
50.0,20710.0,-67.7,-94.7,1.0,0.0,320,14,483.5,483.5,483.5
49.0,20831.0,-67.9,-94.7,1.0,0.0,315,22,485.8,485.8,485.8
47.0,21080.0,-68.4,-94.7,1.0,0.0,330,25,490.6,490.6,490.6
45.5,21274.0,-68.7,-94.7,1.0,0.0,349,14,494.3,494.3,494.3
45.0,21342.0,-68.0,-94.7,1.0,0.0,355,10,497.7,497.7,497.7
43.0,21619.0,-65.0,-94.7,1.0,0.0,165,1,511.5,511.6,511.5
42.0,21763.0,-63.4,-94.7,1.0,0.0,100,10,518.8,518.8,518.8
41.0,21910.0,-61.8,-94.7,1.0,0.0,110,12,526.4,526.4,526.4
40.0,22061.0,-60.2,-94.7,0.0,0.0,245,10,534.2,534.2,534.2
39.7,22107.0,-59.7,-94.7,0.0,0.0,249,14,536.6,536.6,536.6
39.0,22218.0,-59.4,-94.3,0.0,0.0,260,23,540.2,540.2,540.2
36.0,22721.0,-57.8,-92.8,0.0,0.0,255,32,556.8,556.8,556.8
34.1,23061.0,-56.7,-91.7,0.0,0.0,250,37,568.3,568.3,568.3
34.0,23080.0,-56.7,-91.7,0.0,0.0,250,37,568.7,568.8,568.7
32.0,23462.0,-56.9,-92.4,0.0,0.0,275,28,578.2,578.2,578.2
30.0,23870.0,-57.1,-93.1,0.0,0.0,290,37,588.4,588.4,588.4
26.0,24774.0,-58.2,-92.8,0.0,0.0,305,52,609.7,609.7,609.7
24.6,25124.0,-58.7,-92.7,1.0,0.0,315,39,618.1,618.1,618.1
24.0,25281.0,-57.5,-92.2,1.0,0.0,320,33,626.1,626.1,626.1
23.0,25553.0,-55.3,-91.3,0.0,0.0,310,16,640.1,640.1,640.1
22.2,25778.0,-53.5,-90.5,0.0,0.0,298,15,651.9,652.0,651.9
21.0,26136.0,-53.9,-90.9,0.0,0.0,280,13,661.1,661.1,661.1
20.0,26450.0,-54.3,-91.3,0.0,0.0,260,6,669.2,669.3,669.2
19.0,26781.0,-53.0,-90.0,0.0,0.01,185,10,683.0,683.1,683.0
18.3,27023.0,-52.1,-89.1,0.0,0.01,195,16,693.3,693.4,693.3
18.0,27129.0,-52.4,-89.3,0.0,0.01,200,18,695.7,695.8,695.7
17.0,27496.0,-53.4,-90.0,0.0,0.01,220,10,703.9,704.0,703.9
16.0,27886.0,-54.5,-90.8,0.0,0.01,65,10,712.7,712.8,712.7
15.1,28258.0,-55.5,-91.5,0.0,0.01,38,10,721.2,721.3,721.2
15.0,28301.0,-55.4,-91.4,0.0,0.01,35,10,723.0,723.1,723.0
11.4,30074.0,-49.9,-87.9,0.0,0.02,79,54,801.6,801.8,801.6
11.0,30310.0,-48.6,-86.9,0.0,0.02,85,60,814.4,814.6,814.4
10.0,30940.0,-45.3,-84.3,0.0,0.03,95,55,849.3,849.8,849.4
9.0,31653.0,-41.6,-82.3,0.0,0.05,100,62,889.6,890.3,889.6
8.3,32201.0,-38.7,-80.7,0.0,0.07,96,71,921.7,922.7,921.8
7.5,32893.0,-40.7,-81.7,0.0,0.07,92,82,940.7,941.7,940.8
7.2,33175.0,-38.5,-80.4,0.0,0.09,90,86,960.9,962.1,961.0
7.0,33370.0,-36.9,-79.5,0.0,0.1,90,86,975.0,976.5,975.1
6.6,33776.0,-33.7,-77.7,0.0,0.15,86,73,5.1,7.2,5.2
6.0,34446.0,-33.1,-77.1,0.0,0.18,80,51,35.3,38.0,35.4
5.4,35187.0,-32.5,-76.5,0.0,0.22,83,54,69.7,73.1,69.9
5.3,35318.0,-32.5,-76.5,0.0,0.22,83,54,75.5,78.9,75.6
5.0,,,,,,85,56,,,
