# 01004 ENAS Ny-Alesund Ii Observations at 12Z 23 Apr 2019
p [hPa],z [m],T [C],T_dew [C],RH [%],r [g/kg],wdir [deg],SKNT [knot],THTA [K],THTE [K],THTV [K]
1009.0,8.0,-2.3,-3.7,90.0,2.89,180,2,270.2,278.1,270.6
1000.0,91.0,-3.1,-4.4,91.0,2.77,110,2,270.1,277.7,270.5
925.0,704.0,-7.9,-7.9,100.0,2.29,255,10,271.2,277.6,271.6
904.0,881.0,-9.0,-9.1,100.0,2.14,275,14,271.8,277.9,272.2
853.0,1327.0,-11.9,-12.0,99.0,1.8,261,19,273.4,278.5,273.7
850.0,1354.0,-11.3,-11.9,95.0,1.82,260,19,274.3,279.5,274.6
840.0,1445.0,-12.9,-12.9,100.0,1.7,255,19,273.5,278.4,273.8
836.0,1481.0,-13.1,-13.2,99.0,1.66,256,20,273.7,278.5,274.0
834.0,1499.0,-11.7,-12.5,94.0,1.76,257,20,275.4,280.5,275.7
833.0,1508.0,-13.3,-13.6,98.0,1.61,257,20,273.8,278.4,274.0
831.0,1527.0,-11.7,-12.6,93.0,1.76,257,20,275.6,280.7,275.9
830.0,1536.0,-13.3,-14.2,93.0,1.54,258,20,274.1,278.5,274.3
829.0,1545.0,-12.3,-13.2,93.0,1.68,258,20,275.2,280.1,275.5
824.0,1591.0,-13.9,-14.3,97.0,1.54,259,20,274.0,278.5,274.2
787.0,1938.0,-16.6,-17.1,96.0,1.28,270,21,274.7,278.5,274.9
767.0,2132.0,-18.1,-18.7,95.0,1.15,280,21,275.1,278.5,275.3
755.0,2249.0,-19.3,-34.3,25.0,0.28,286,21,275.1,276.0,275.1
752.0,2279.0,-19.3,-34.3,25.0,0.28,287,21,275.4,276.3,275.4
748.0,2318.0,-19.3,-35.3,23.0,0.26,290,21,275.8,276.6,275.9
744.0,2358.0,-18.9,-29.9,37.0,0.43,292,20,276.7,278.0,276.7
741.0,2389.0,-17.9,-20.1,83.0,1.05,293,20,278.1,281.2,278.2
735.0,2449.0,-17.9,-21.0,77.0,0.98,296,20,278.7,281.7,278.9
718.0,2624.0,-19.1,-30.1,37.0,0.44,305,20,279.3,280.7,279.4
716.0,2645.0,-18.7,-25.7,54.0,0.66,306,20,279.9,282.0,280.1
700.0,2813.0,-19.3,-31.3,34.0,0.4,315,19,281.1,282.4,281.1
692.0,2898.0,-19.7,-34.7,25.0,0.29,318,19,281.6,282.5,281.6
677.0,3061.0,-20.4,-34.5,27.0,0.3,325,17,282.5,283.6,282.6
675.0,3083.0,-20.5,-34.5,27.0,0.31,325,17,282.7,283.7,282.7
607.0,3860.0,-25.5,-41.4,21.0,0.17,320,16,285.6,286.2,285.7
604.0,3896.0,-25.7,-41.7,21.0,0.16,320,16,285.8,286.4,285.8
556.0,4491.0,-29.7,-37.7,46.0,0.27,320,19,287.9,288.8,287.9
505.0,5170.0,-34.0,-43.9,36.0,0.16,320,23,290.6,291.2,290.7
500.0,5240.0,-34.5,-44.5,36.0,0.15,315,25,290.9,291.4,290.9
454.0,5906.0,-38.9,-52.9,21.0,0.06,308,25,293.5,293.8,293.6
405.0,6676.0,-44.7,-56.9,24.0,0.04,300,25,295.8,296.0,295.8
400.0,6760.0,-45.3,-57.3,25.0,0.04,295,25,296.0,296.2,296.0
395.0,6844.0,-46.0,-57.2,27.0,0.04,290,27,296.2,296.4,296.2
380.0,7101.0,-48.1,-57.1,35.0,0.04,293,28,296.7,296.9,296.7
352.0,7604.0,-50.3,-60.9,28.0,0.03,300,29,300.3,300.4,300.3
345.0,7736.0,-50.9,-61.9,26.0,0.03,297,30,301.2,301.3,301.2
311.0,8407.0,-54.0,-62.8,33.0,0.03,280,33,305.9,306.1,305.9
300.0,8640.0,-55.1,-63.1,36.0,0.03,280,35,307.6,307.7,307.6
297.0,8704.0,-55.5,-63.5,36.0,0.03,279,35,307.9,308.0,307.9
273.0,9235.0,-57.5,-68.5,23.0,0.01,275,37,312.5,312.6,312.5
257.0,9616.0,-56.4,-71.5,13.0,0.01,285,37,319.6,319.6,319.6
250.0,9790.0,-55.9,-72.9,10.0,0.01,280,39,322.8,322.9,322.8
214.0,10792.0,-52.5,-75.8,4.0,0.01,270,45,342.8,342.8,342.8
210.0,10913.0,-52.1,-76.1,4.0,0.01,274,43,345.3,345.3,345.3
205.0,11070.0,-52.4,-76.9,4.0,0.01,280,41,347.2,347.2,347.2
200.0,11230.0,-52.7,-77.7,3.0,0.0,270,39,349.1,349.2,349.1
151.0,13037.0,-54.5,-78.5,4.0,0.01,270,45,375.3,375.4,375.3
150.0,13080.0,-54.5,-78.5,4.0,0.01,270,47,376.0,376.0,376.0
146.0,13253.0,-54.5,-78.6,4.0,0.01,280,51,378.9,378.9,378.9
131.0,13945.0,-54.6,-78.9,3.0,0.01,275,35,390.7,390.7,390.7
100.0,15670.0,-54.7,-79.7,3.0,0.01,280,35,421.8,421.8,421.8
78.0,17265.0,-55.1,-80.8,3.0,0.01,275,17,451.9,452.0,451.9
75.0,17517.0,-55.2,-81.0,3.0,0.01,255,23,456.9,456.9,456.9
70.0,17960.0,-55.3,-81.3,3.0,0.01,265,29,465.7,465.8,465.7
66.0,18336.0,-55.4,-81.4,3.0,0.01,275,41,473.3,473.4,473.3
64.0,18532.0,-55.5,-81.5,3.0,0.01,278,38,477.4,477.4,477.4
60.0,18947.0,-54.1,-81.0,2.0,0.01,285,33,489.3,489.4,489.3
58.0,19165.0,-53.4,-80.8,2.0,0.01,275,31,495.7,495.8,495.7
57.0,19277.0,-53.0,-80.7,2.0,0.01,280,31,499.0,499.1,499.0
55.6,19437.0,-52.5,-80.5,2.0,0.01,289,27,503.8,503.9,503.8
54.0,19625.0,-53.2,-80.9,2.0,0.01,300,21,506.5,506.6,506.5
51.0,19993.0,-54.5,-81.6,2.0,0.01,265,6,511.8,511.9,511.8
50.0,20120.0,-54.9,-81.9,2.0,0.01,255,10,513.7,513.7,513.7
44.0,20936.0,-55.7,-82.7,2.0,0.01,305,21,530.9,531.0,530.9
43.8,20965.0,-55.7,-82.7,2.0,0.01,302,22,531.5,531.6,531.5
43.0,21084.0,-54.7,-82.3,2.0,0.01,290,25,536.9,536.9,536.9
40.2,21518.0,-50.9,-80.9,2.0,0.01,323,19,556.7,556.8,556.7
38.0,21882.0,-53.4,-82.6,2.0,0.01,350,14,559.5,559.6,559.5
37.2,22019.0,-54.3,-83.3,2.0,0.01,340,11,560.5,560.6,560.5
36.0,22230.0,-54.2,-83.4,2.0,0.01,325,6,565.9,566.0,565.9
35.0,22410.0,-54.2,-83.5,2.0,0.01,320,12,570.6,570.7,570.6
33.0,22788.0,-54.1,-83.6,2.0,0.01,340,17,580.6,580.7,580.6
31.0,23190.0,-54.0,-83.8,1.0,0.01,0,10,591.4,591.5,591.4
30.0,23400.0,-53.9,-83.9,1.0,0.01,60,8,597.1,597.2,597.1
27.0,24077.0,-53.8,-84.1,1.0,0.01,10,10,615.8,615.9,615.8
26.0,24320.0,-53.7,-84.2,1.0,0.01,20,8,622.6,622.7,622.6
25.0,24572.0,-53.6,-84.3,1.0,0.01,35,10,629.7,629.9,629.7
24.0,24835.0,-53.6,-84.3,1.0,0.01,5,14,637.3,637.4,637.3
22.3,25307.0,-53.5,-84.5,1.0,0.01,26,27,651.1,651.2,651.1
22.0,25394.0,-53.3,-84.4,1.0,0.01,30,29,654.2,654.4,654.2
21.0,25695.0,-52.6,-84.2,1.0,0.02,50,23,665.0,665.2,665.0
20.0,26010.0,-51.9,-83.9,1.0,0.02,40,19,676.6,676.7,676.6
19.0,26350.0,-51.1,-83.7,1.0,0.02,60,19,689.1,689.3,689.1
18.0,26709.0,-50.2,-83.4,1.0,0.02,55,29,702.5,702.7,702.5
17.0,27089.0,-49.3,-83.2,1.0,0.02,80,19,717.0,717.2,717.0
16.0,27491.0,-48.4,-82.9,1.0,0.03,45,29,732.6,732.9,732.6
14.0,28377.0,-46.2,-82.4,1.0,0.03,85,45,768.3,768.7,768.3
13.0,28869.0,-45.1,-82.0,1.0,0.04,65,29,788.8,789.2,788.8
12.0,29400.0,-43.8,-81.7,1.0,0.04,65,39,811.5,812.1,811.6
11.0,29977.0,-42.4,-81.3,1.0,0.05,70,52,837.0,837.6,837.0
10.0,30610.0,-40.9,-80.9,1.0,0.06,70,51,865.7,866.5,865.8
9.3,31104.0,-40.3,-81.3,0.0,0.06,73,57,886.2,886.9,886.2
9.0,31330.0,-39.0,-80.6,0.0,0.07,75,60,899.7,900.6,899.7
8.4,31804.0,-36.1,-79.1,0.0,0.09,78,51,928.8,930.0,928.8
8.0,32141.0,-36.9,-79.4,0.0,0.09,80,45,938.7,940.0,938.8
7.6,32496.0,-37.7,-79.7,0.0,0.09,83,56,949.2,950.6,949.3
7.3,32776.0,-35.2,-77.9,0.0,0.13,85,64,970.6,972.4,970.6
7.2,32872.0,-34.3,-77.3,0.0,0.14,85,64,978.0,980.0,978.0
7.0,,,,,,85,64,,,
