# 10410 EDZE Essen Observations at 12Z 17 Oct 2019
p [hPa],z [m],T [C],T_dew [C],RH [%],r [g/kg],wdir [deg],SKNT [knot],THTA [K],THTE [K],THTV [K]
1000.0,98,,,,,,,,,
994.0,147,13.6,13.6,100.0,9.94,200.0,8.0,287.2,315.1,289.0
984.0,232,12.9,12.9,100.0,9.56,240.0,10.0,287.4,314.2,289.0
948.0,544,10.3,10.1,99.0,8.25,240.0,23.0,287.8,311.1,289.2
925.0,750,8.6,8.3,98.0,7.48,230.0,23.0,288.1,309.3,289.4
886.0,1105,6.9,6.4,97.0,6.87,215.0,25.0,289.9,309.6,291.1
871.0,1246,6.2,5.7,97.0,6.63,217.0,24.0,290.6,309.7,291.8
865.0,1303,6.8,4.8,87.0,6.27,218.0,24.0,291.8,310.0,292.9
850.0,1447,6.4,3.1,79.0,5.66,220.0,23.0,292.8,309.4,293.8
822.0,1721,4.2,-1.8,65.0,4.1,232.0,28.0,293.3,305.6,294.1
804.0,1902,5.8,-13.2,24.0,1.73,240.0,31.0,296.9,302.4,297.2
789.0,2055,4.2,-0.7,70.0,4.63,247.0,34.0,296.8,310.7,297.6
782.0,2128,3.5,-0.2,76.0,4.83,250.0,35.0,296.8,311.4,297.7
772.0,2232,2.6,0.4,85.0,5.13,249.0,35.0,296.9,312.3,297.8
747.0,2498,0.8,0.1,95.0,5.19,246.0,36.0,297.8,313.4,298.7
737.0,2606,0.2,-3.6,76.0,4.0,245.0,36.0,298.2,310.4,299.0
708.0,2927,-1.7,-2.3,96.0,4.59,241.0,37.0,299.6,313.6,300.4
700.0,3018,-2.1,-3.1,93.0,4.37,240.0,37.0,300.1,313.5,300.9
684.0,3202,-3.1,-5.2,85.0,3.81,236.0,40.0,301.0,312.8,301.7
680.0,3248,-2.3,-6.3,74.0,3.52,235.0,41.0,302.4,313.4,303.1
679.0,3260,-2.1,-6.6,71.0,3.45,235.0,41.0,302.8,313.6,303.4
664.0,3437,-3.1,-6.4,78.0,3.59,234.0,38.0,303.6,314.8,304.2
639.0,3740,-4.9,-22.9,23.0,0.95,232.0,34.0,304.9,308.1,305.0
625.0,3914,-5.9,-29.9,13.0,0.51,231.0,31.0,305.7,307.5,305.8
613.0,4065,-6.8,-30.8,13.0,0.48,230.0,29.0,306.3,308.0,306.4
599.0,4245,-7.9,-31.9,13.0,0.44,227.0,30.0,307.1,308.7,307.2
559.0,4771,-12.0,-34.8,13.0,0.36,220.0,31.0,308.4,309.7,308.5
500.0,5620,-18.5,-39.5,14.0,0.25,225.0,39.0,310.4,311.4,310.5
478.0,5954,-21.5,-42.5,13.0,0.19,225.0,40.0,310.7,311.5,310.8
470.0,6079,-21.1,-51.1,5.0,0.07,225.0,40.0,312.7,313.0,312.8
400.0,7250,-29.7,-55.7,6.0,0.05,225.0,43.0,316.3,316.5,316.3
313.0,8946,-43.5,-57.5,20.0,0.05,234.0,51.0,320.0,320.2,320.0
300.0,9230,-45.3,-58.3,22.0,0.05,235.0,52.0,321.4,321.6,321.4
297.0,9297,-45.9,-57.9,24.0,0.05,235.0,53.0,321.5,321.7,321.5
250.0,10420,-52.7,-65.7,19.0,0.02,240.0,54.0,327.6,327.7,327.6
246.0,10524,-53.5,-66.5,19.0,0.02,243.0,54.0,327.9,328.0,327.9
243.0,10603,-53.7,-67.1,18.0,0.02,245.0,54.0,328.7,328.8,328.7
222.0,11184,-55.3,-71.3,12.0,0.01,235.0,57.0,334.9,334.9,334.9
202.0,11787,-56.4,-75.1,8.0,0.01,225.0,60.0,342.3,342.4,342.3
200.0,11850,-56.5,-75.5,7.0,0.01,230.0,58.0,343.1,343.2,343.1
188.0,12241,-57.7,-76.7,7.0,0.01,235.0,54.0,347.3,347.4,347.3
170.0,12877,-56.1,-84.1,2.0,0.0,225.0,46.0,360.1,360.1,360.1
161.0,13225,-52.1,-83.7,1.0,0.0,220.0,41.0,372.4,372.4,372.4
160.0,13265,-51.7,-83.7,1.0,0.0,220.0,42.0,373.8,373.8,373.8
154.0,13511,-53.4,-84.2,1.0,0.0,220.0,47.0,375.1,375.1,375.1
150.0,13680,-54.5,-84.5,1.0,0.0,225.0,49.0,376.0,376.0,376.0
143.0,13984,-56.0,-85.6,1.0,0.0,235.0,52.0,378.5,378.5,378.5
140.0,14119,-56.7,-86.1,1.0,0.0,240.0,45.0,379.6,379.6,379.6
134.0,14398,-58.1,-87.1,1.0,0.0,235.0,33.0,381.9,381.9,381.9
129.0,14637,-58.2,-87.4,1.0,0.0,210.0,33.0,385.8,385.8,385.8
126.0,14785,-58.3,-87.5,1.0,0.0,210.0,41.0,388.3,388.3,388.3
118.0,15198,-58.5,-88.0,1.0,0.0,235.0,35.0,395.2,395.2,395.2
111.0,15583,-58.7,-88.4,1.0,0.0,240.0,25.0,401.8,401.8,401.8
108.0,15756,-58.8,-88.6,1.0,0.0,215.0,21.0,404.8,404.8,404.8
100.0,16240,-59.1,-89.1,1.0,0.0,220.0,37.0,413.3,413.3,413.3
93.0,16697,-57.9,-89.9,1.0,0.0,220.0,31.0,424.3,424.3,424.3
89.0,16975,-57.2,-90.4,1.0,0.0,240.0,31.0,431.1,431.1,431.1
86.5,17154,-56.7,-90.7,1.0,0.0,231.0,25.0,435.6,435.6,435.6
85.0,17265,-56.9,-90.8,1.0,0.0,225.0,21.0,437.5,437.5,437.5
80.0,17647,-57.4,-91.0,1.0,0.0,225.0,29.0,444.0,444.1,444.0
77.0,17888,-57.7,-91.1,1.0,0.0,245.0,21.0,448.2,448.2,448.2
72.0,18312,-58.3,-91.4,1.0,0.0,215.0,23.0,455.7,455.7,455.7
70.0,18490,-58.5,-91.5,1.0,0.0,220.0,29.0,458.9,458.9,458.9
66.0,18857,-59.5,-91.9,1.0,0.0,220.0,27.0,464.6,464.6,464.6
64.0,19049,-60.0,-92.0,1.0,0.0,230.0,31.0,467.6,467.6,467.6
63.5,19098,-60.1,-92.1,1.0,0.0,232.0,31.0,468.3,468.3,468.3
62.0,19248,-59.1,-91.9,1.0,0.0,240.0,29.0,473.6,473.7,473.6
60.0,19453,-57.8,-91.6,1.0,0.0,215.0,25.0,481.0,481.0,481.0
59.5,19505,-57.5,-91.5,1.0,0.0,218.0,26.0,482.9,482.9,482.9
54.0,20116,-57.6,-91.6,1.0,0.0,255.0,29.0,496.2,496.3,496.2
51.0,20475,-57.7,-91.7,1.0,0.0,265.0,29.0,504.3,504.3,504.3
50.0,20600,-57.7,-91.7,1.0,0.0,255.0,27.0,507.1,507.1,507.1
48.0,20857,-57.7,-91.9,1.0,0.0,245.0,27.0,512.9,513.0,512.9
43.0,21550,-57.8,-92.5,0.0,0.0,280.0,16.0,529.1,529.1,529.1
41.0,21850,-57.9,-92.7,0.0,0.0,280.0,16.0,536.2,536.2,536.2
40.0,22005,-57.9,-92.8,0.0,0.0,240.0,14.0,540.0,540.0,540.0
39.6,22068,-57.9,-92.9,0.0,0.0,235.0,15.0,541.5,541.5,541.5
38.0,22326,-58.8,-93.0,1.0,0.0,215.0,19.0,545.7,545.7,545.7
33.5,23113,-61.5,-93.5,1.0,0.0,244.0,38.0,558.5,558.5,558.5
32.0,23398,-60.3,-93.6,1.0,0.0,255.0,45.0,569.0,569.0,569.0
31.0,23596,-59.5,-93.6,0.0,0.0,260.0,31.0,576.3,576.4,576.3
30.0,23800,-58.7,-93.7,0.0,0.0,270.0,41.0,584.0,584.0,584.0
29.0,24013,-57.9,-93.3,0.0,0.0,275.0,45.0,592.0,592.0,592.0
28.0,24234,-57.0,-92.9,0.0,0.0,285.0,39.0,600.2,600.3,600.2
27.6,24325,-56.7,-92.7,0.0,0.0,283.0,36.0,603.7,603.7,603.7
27.0,24463,-56.9,-92.7,0.0,0.0,280.0,31.0,607.0,607.0,607.0
26.0,24700,-57.2,-92.8,0.0,0.0,255.0,21.0,612.7,612.7,612.7
23.0,25471,-58.2,-93.0,0.0,0.0,275.0,33.0,631.6,631.7,631.6
21.0,26043,-58.9,-93.2,0.0,0.0,285.0,25.0,646.1,646.1,646.1
20.0,26350,-59.3,-93.3,1.0,0.0,255.0,16.0,653.9,654.0,653.9
18.0,27009,-60.4,-93.2,1.0,0.0,250.0,39.0,670.4,670.4,670.4
17.0,27366,-61.0,-93.1,1.0,0.0,275.0,39.0,679.4,679.5,679.5
16.9,27403,-61.1,-93.1,1.0,0.0,275.0,39.0,680.4,680.4,680.4
16.0,27752,-60.0,-92.6,1.0,0.0,275.0,41.0,694.7,694.8,694.7
15.0,28163,-58.7,-92.0,1.0,0.01,260.0,47.0,712.0,712.0,712.0
13.0,29076,-55.8,-90.8,1.0,0.01,275.0,56.0,751.7,751.8,751.7
12.0,29587,-54.2,-90.1,0.0,0.01,290.0,52.0,774.8,774.9,774.8
11.0,30142,-52.4,-89.3,0.0,0.01,290.0,43.0,800.7,800.8,800.7
10.0,30750,-50.5,-88.5,0.0,0.02,265.0,51.0,830.0,830.2,830.0
9.0,31442,-48.3,-86.9,0.0,0.02,255.0,39.0,863.8,864.1,863.8
8.5,31817,-47.1,-86.1,0.0,0.03,258.0,46.0,882.7,883.1,882.7
7.3,32819,-49.7,-87.7,0.0,0.02,265.0,66.0,911.3,911.6,911.3
7.0,33094,-47.9,-86.7,0.0,0.03,265.0,66.0,929.7,930.1,929.7
6.9,33189,-47.3,-86.3,0.0,0.03,,,936.0,936.5,936.0
