# 48698 WSSS Singapore Observations at 12Z 20 Oct 2019
p [hPa],z [m],T [C],T_dew [C],RH [%],r [g/kg],wdir [deg],SKNT [knot],THTA [K],THTE [K],THTV [K]
1006.0,16,29.6,24.7,75,19.94,5.0,4.0,302.2,361.5,305.8
1000.0,81,28.4,23.8,76,18.98,110.0,7.0,301.6,357.8,305.0
951.0,525,24.3,22.2,88,18.12,105.0,10.0,301.7,355.4,305.0
932.0,703,22.6,21.6,94,17.78,94.0,14.0,301.8,354.4,305.0
925.0,769,22.4,20.7,90,16.92,90.0,15.0,302.2,352.4,305.3
922.0,797,22.2,20.6,90,16.85,85.0,15.0,302.3,352.3,305.4
873.0,1272,19.2,18.5,96,15.61,100.0,14.0,303.9,350.5,306.8
872.0,1282,19.2,18.4,95,15.53,100.0,14.0,304.0,350.4,306.8
850.0,1502,18.2,16.3,89,13.91,95.0,16.0,305.2,347.0,307.7
848.0,1522,18.2,16.2,88,13.85,95.0,16.0,305.4,347.1,307.9
786.0,2170,15.3,10.4,73,10.21,95.0,18.0,309.0,340.4,310.9
765.0,2401,14.3,8.4,68,9.12,75.0,14.0,310.3,338.6,312.0
763.0,2423,14.2,8.2,67,9.02,75.0,14.0,310.4,338.4,312.1
719.0,2923,11.0,9.4,90,10.4,78.0,15.0,312.2,344.6,314.2
700.0,3147,9.6,6.4,80,8.69,80.0,16.0,313.1,340.3,314.7
680.0,3388,8.6,3.6,71,7.34,87.0,18.0,314.6,337.9,316.0
666.0,3560,7.4,6.1,91,8.95,91.0,19.0,315.1,343.4,316.8
641.0,3875,6.0,3.9,86,7.94,100.0,22.0,316.9,342.3,318.4
625.0,4083,5.0,2.4,83,7.33,91.0,23.0,318.1,341.7,319.5
624.0,4096,5.0,2.1,82,7.19,90.0,23.0,318.3,341.4,319.6
610.0,4281,4.8,-2.2,60,5.37,83.0,21.0,320.1,337.7,321.1
600.0,4416,4.0,-3.0,60,5.14,77.0,19.0,320.7,337.7,321.7
597.0,4457,4.2,-9.8,35,3.06,76.0,18.0,321.4,331.8,322.0
596.0,4471,4.1,-9.9,35,3.03,75.0,18.0,321.5,331.8,322.1
579.0,4706,2.8,-12.2,32,2.6,83.0,18.0,322.6,331.5,323.1
573.0,4790,2.8,-14.2,27,2.24,86.0,18.0,323.5,331.3,324.0
557.0,5019,1.4,-15.6,27,2.05,93.0,18.0,324.5,331.7,324.9
553.0,5077,1.0,-14.0,32,2.35,95.0,18.0,324.7,332.9,325.2
551.0,5106,0.6,-4.4,69,5.04,96.0,18.0,324.6,341.4,325.6
549.0,5135,0.8,-16.2,27,1.98,97.0,18.0,325.1,332.1,325.5
547.0,5164,0.8,-18.2,23,1.68,98.0,18.0,325.5,331.5,325.8
537.0,5312,-0.7,-8.7,55,3.71,103.0,18.0,325.4,338.1,326.1
523.0,5523,-1.6,-15.2,35,2.25,110.0,18.0,326.8,334.7,327.2
522.0,5538,-1.7,-15.7,34,2.17,108.0,18.0,326.9,334.5,327.3
513.0,5677,-2.8,-12.3,48,2.92,85.0,14.0,327.2,337.4,327.8
510.0,5723,-3.1,-11.1,54,3.23,86.0,14.0,327.3,338.5,328.0
502.0,5848,-3.5,-19.5,28,1.63,89.0,15.0,328.3,334.2,328.7
500.0,5880,-3.3,-25.3,16,0.98,90.0,15.0,328.9,332.6,329.1
498.0,5912,-3.1,-29.1,11,0.7,91.0,15.0,329.6,332.2,329.7
467.0,6416,-6.5,-22.4,27,1.37,105.0,15.0,331.4,336.5,331.7
450.0,6707,-8.5,-18.5,44,1.99,99.0,15.0,332.5,339.7,332.9
434.0,6986,-10.7,-27.7,23,0.91,93.0,15.0,333.1,336.6,333.3
425.0,7148,-11.7,-19.7,52,1.9,90.0,15.0,333.9,340.8,334.2
414.0,7348,-12.9,-24.9,36,1.23,108.0,15.0,334.8,339.4,335.1
410.0,7422,-13.5,-19.5,61,2.0,115.0,15.0,335.0,342.3,335.4
407.0,7478,-13.8,-22.3,48,1.58,120.0,15.0,335.4,341.2,335.7
403.0,7553,-14.1,-26.1,36,1.14,114.0,14.0,335.9,340.1,336.1
400.0,7610,-14.7,-21.7,55,1.7,110.0,13.0,335.8,342.1,336.1
392.0,7762,-16.1,-20.6,68,1.9,103.0,13.0,335.9,342.9,336.3
388.0,7839,-16.5,-22.2,61,1.67,100.0,13.0,336.4,342.6,336.8
381.0,7975,-17.1,-25.1,50,1.31,115.0,11.0,337.3,342.3,337.6
369.0,8214,-19.0,-22.6,73,1.69,90.0,11.0,337.9,344.2,338.3
367.0,8254,-19.3,-22.2,78,1.77,100.0,10.0,338.0,344.6,338.4
364.0,8315,-19.6,-23.3,73,1.62,110.0,11.0,338.4,344.4,338.7
347.0,8668,-21.5,-29.5,48,0.96,119.0,11.0,340.5,344.2,340.7
346.0,8689,-21.7,-29.5,49,0.96,120.0,11.0,340.6,344.3,340.8
340.0,8816,-22.7,-29.8,53,0.96,105.0,13.0,340.8,344.5,341.0
329.0,9056,-24.8,-30.1,61,0.95,115.0,13.0,341.3,345.0,341.5
325.0,9145,-25.5,-30.3,64,0.95,108.0,13.0,341.4,345.1,341.6
321.0,9235,-26.0,-34.3,46,0.66,100.0,13.0,342.0,344.6,342.1
318.0,9302,-26.3,-37.3,35,0.49,102.0,14.0,342.4,344.4,342.6
317.0,9325,-26.1,-35.1,43,0.61,103.0,14.0,343.0,345.5,343.2
314.0,9393,-26.7,-33.7,52,0.71,105.0,14.0,343.1,346.0,343.3
302.0,9672,-28.8,-37.5,43,0.51,115.0,17.0,344.1,346.1,344.2
300.0,9720,-29.1,-38.1,42,0.48,115.0,18.0,344.2,346.2,344.4
277.0,10287,-34.3,-43.3,40,0.3,110.0,23.0,344.7,345.9,344.7
276.0,10312,-34.4,-44.4,36,0.27,110.0,23.0,344.8,346.0,344.9
270.0,10467,-35.3,-51.3,18,0.13,109.0,22.0,345.8,346.3,345.8
250.0,11000,-40.1,-50.1,33,0.16,105.0,18.0,346.3,347.0,346.3
248.0,11055,-40.7,-50.7,33,0.15,106.0,17.0,346.2,346.9,346.2
244.0,11165,-41.7,-46.3,61,0.25,109.0,16.0,346.3,347.4,346.4
242.0,11220,-42.1,-46.2,64,0.25,110.0,15.0,346.6,347.6,346.6
236.0,11390,-43.3,-46.1,74,0.26,90.0,9.0,347.2,348.3,347.3
234.0,11447,-43.5,-54.5,29,0.1,89.0,9.0,347.8,348.2,347.8
225.0,11709,-45.7,-60.7,17,0.05,84.0,12.0,348.3,348.5,348.3
212.0,12101,-49.1,-60.1,27,0.05,77.0,15.0,349.0,349.2,349.0
209.0,12194,-49.9,-54.3,60,0.11,75.0,16.0,349.2,349.7,349.2
200.0,12480,-52.5,-55.9,66,0.1,70.0,18.0,349.5,349.9,349.5
185.0,12978,-56.9,-58.7,80,0.08,66.0,20.0,350.2,350.6,350.2
178.0,13221,-59.1,-63.2,59,0.04,64.0,20.0,350.5,350.7,350.5
174.0,13362,-60.1,-62.2,76,0.05,63.0,21.0,351.1,351.4,351.1
173.0,13398,-60.3,-63.2,69,0.04,62.0,21.0,351.4,351.6,351.4
172.0,13434,-60.7,-66.7,45,0.03,62.0,21.0,351.3,351.4,351.3
161.0,13842,-64.1,-67.9,60,0.03,59.0,23.0,352.3,352.4,352.3
150.0,14270,-68.1,-72.0,57,0.02,55.0,24.0,352.6,352.7,352.6
132.0,15015,-74.5,-79.0,50,0.01,50.0,28.0,354.3,354.3,354.3
122.0,15473,-78.5,-83.3,45,0.0,55.0,38.0,355.1,355.2,355.1
119.0,15618,-79.7,-84.7,44,0.0,50.0,36.0,355.4,355.4,355.4
116.0,15763,-79.6,-85.2,39,0.0,45.0,34.0,358.2,358.2,358.2
110.0,16064,-79.3,-86.3,31,0.0,59.0,25.0,364.2,364.2,364.2
100.0,16600,-81.9,-87.9,36,0.0,85.0,10.0,369.2,369.3,369.2
99.8,16611,-82.1,-88.1,36,0.0,85.0,10.0,369.1,369.1,369.1
93.0,17010,-80.0,-86.7,33,0.0,195.0,16.0,380.7,380.7,380.7
90.0,17195,-79.0,-86.0,31,0.0,210.0,22.0,386.2,386.2,386.2
89.6,17220,-78.9,-85.9,31,0.0,212.0,22.0,387.0,387.0,387.0
85.0,17519,-79.2,-86.6,29,0.0,230.0,18.0,392.1,392.2,392.1
82.0,17723,-79.5,-87.1,28,0.0,255.0,10.0,395.7,395.7,395.7
80.0,17863,-79.7,-87.4,27,0.0,290.0,2.0,398.2,398.2,398.2
77.2,18065,-79.9,-87.9,26,0.0,351.0,6.0,401.7,401.8,401.7
75.0,18230,-78.8,-88.7,19,0.0,40.0,10.0,407.4,407.4,407.4
73.7,18329,-78.1,-89.1,16,0.0,19.0,13.0,410.9,410.9,410.9
72.2,18448,-73.1,-89.1,7,0.0,353.0,17.0,423.9,423.9,423.9
72.0,18464,-73.0,-89.5,7,0.0,350.0,17.0,424.4,424.4,424.4
70.0,18630,-72.1,-93.1,3,0.0,10.0,11.0,429.8,429.8,429.8
69.0,18715,-70.2,-94.3,2,0.0,305.0,12.0,435.6,435.6,435.6
68.1,18793,-68.5,-95.5,1,0.0,301.0,14.0,441.0,441.0,441.0
66.0,18979,-68.8,-95.2,1,0.0,290.0,19.0,444.3,444.3,444.3
63.0,19256,-69.2,-94.8,1,0.0,300.0,14.0,449.4,449.4,449.4
61.0,19447,-69.5,-94.5,2,0.0,340.0,10.0,452.9,452.9,452.9
59.0,19645,-69.8,-94.2,2,0.0,290.0,2.0,456.6,456.6,456.6
57.0,19850,-70.0,-94.0,2,0.0,205.0,10.0,460.4,460.5,460.4
56.0,19956,-70.2,-93.8,2,0.0,195.0,12.0,462.4,462.4,462.4
55.0,20063,-70.4,-93.6,2,0.0,130.0,14.0,464.5,464.5,464.5
54.1,20161,-70.5,-93.5,2,0.0,117.0,16.0,466.3,466.3,466.3
52.0,20396,-69.1,-94.1,2,0.0,85.0,22.0,474.9,474.9,474.9
50.0,20630,-67.7,-94.7,1,0.0,80.0,17.0,483.5,483.5,483.5
49.0,20752,-67.0,-95.1,1,0.0,75.0,15.0,488.1,488.1,488.1
47.0,21004,-65.4,-95.9,1,0.0,105.0,18.0,497.6,497.6,497.6
46.6,21055,-65.1,-96.1,1,0.0,107.0,19.0,499.6,499.6,499.6
45.0,21269,-64.8,-96.0,1,0.0,115.0,23.0,505.5,505.5,505.5
43.0,21547,-64.3,-96.0,1,0.0,140.0,25.0,513.2,513.2,513.2
41.0,21838,-63.8,-95.9,1,0.0,170.0,18.0,521.4,521.4,521.4
38.0,22303,-63.1,-95.8,1,0.0,185.0,14.0,534.8,534.8,534.8
36.6,22533,-62.7,-95.7,0,0.0,217.0,12.0,541.5,541.5,541.5
35.0,22806,-63.3,-95.7,1,0.0,255.0,10.0,546.9,546.9,546.9
32.0,23355,-64.5,-95.7,1,0.0,260.0,21.0,557.8,557.8,557.8
31.6,23432,-64.7,-95.7,1,0.0,264.0,20.0,559.3,559.3,559.3
30.0,23750,-62.3,-96.3,0,0.0,280.0,17.0,574.2,574.2,574.2
29.0,23962,-60.4,-95.1,0,0.0,275.0,16.0,585.1,585.2,585.1
27.3,24341,-56.9,-92.9,0,0.0,343.0,19.0,605.0,605.0,605.0
27.0,24410,-57.1,-93.0,0,0.0,355.0,19.0,606.4,606.4,606.4
26.0,24648,-57.8,-93.5,0,0.0,340.0,14.0,611.1,611.1,611.1
25.0,24894,-58.5,-94.0,0,0.0,355.0,14.0,616.0,616.0,616.0
24.0,25151,-59.2,-94.5,0,0.0,75.0,7.0,621.1,621.1,621.1
22.5,25557,-60.3,-95.3,0,0.0,116.0,9.0,629.3,629.4,629.3
21.0,25990,-58.4,-93.4,0,0.0,160.0,11.0,647.5,647.5,647.5
20.6,26111,-57.9,-92.9,0,0.0,146.0,18.0,652.7,652.7,652.7
20.0,26300,-52.3,-89.3,0,0.01,125.0,28.0,675.3,675.4,675.3
19.8,26365,-51.5,-88.5,0,0.01,118.0,28.0,679.7,679.8,679.7
19.0,26631,-52.1,-89.2,0,0.01,90.0,27.0,685.8,685.9,685.8
18.0,26981,-53.0,-90.0,0,0.01,90.0,45.0,693.8,693.8,693.8
17.0,27350,-53.9,-90.9,0,0.01,100.0,40.0,702.3,702.4,702.3
16.0,27740,-53.0,-90.0,0,0.01,110.0,34.0,717.5,717.6,717.5
15.9,27780,-52.9,-89.9,0,0.01,107.0,35.0,719.1,719.2,719.1
15.1,28117,-47.9,-86.9,0,0.01,83.0,47.0,746.4,746.5,746.4
15.0,28161,-47.8,-86.8,0,0.01,80.0,48.0,748.2,748.4,748.2
13.5,28859,-45.9,-84.9,0,0.02,73.0,44.0,777.5,777.8,777.5
13.0,29110,-46.5,-85.5,0,0.02,70.0,43.0,784.0,784.3,784.0
12.6,29317,-46.9,-85.9,0,0.02,78.0,45.0,789.5,789.7,789.5
12.0,29646,-44.5,-84.2,0,0.03,90.0,48.0,809.1,809.5,809.1
10.9,30293,-39.7,-80.7,0,0.05,95.0,54.0,849.0,849.7,849.1
10.1,30812,-41.5,-82.5,0,0.04,99.0,59.0,861.0,861.6,861.1
10.0,30880,-41.1,-82.1,0,0.05,100.0,60.0,865.0,865.6,865.0
9.0,31606,-37.8,-79.8,0,0.08,90.0,59.0,904.1,905.1,904.1
8.1,32332,-34.5,-77.5,0,0.12,81.0,72.0,944.8,946.5,944.9
8.0,32419,-34.3,-77.4,0,0.13,80.0,73.0,948.9,950.6,948.9
7.0,33362,-32.4,-76.3,0,0.17,90.0,83.0,993.7,996.2,993.8
6.0,34449,-30.2,-75.0,0,0.24,85.0,64.0,48.0,51.7,48.1
5.8,34689,-29.7,-74.7,0,0.26,80.0,58.0,60.3,64.4,60.5
5.0,35741,-32.3,-76.3,0,0.24,60.0,30.0,94.4,98.3,94.6
4.7,36179,-30.5,-75.5,0,0.29,,,122.3,127.0,122.5
