# 78954 TBPB Grantley Adams Observations at 12Z 13 Jul 2019
Frequency [GHz],TB
175.31,276.882239243
175.322,276.862549651
175.337,276.837878303
175.352,276.813140799
175.367,276.78833692
175.382,276.763466446
175.397,276.738529157
175.412,276.713524831
175.427,276.688453244
175.442,276.663314172
175.457,276.638107389
175.472,276.612832667
175.487,276.587489777
175.502,276.56207849
175.517,276.536598575
175.532,276.511049798
175.547,276.485431924
175.562,276.459744721
175.577,276.433987949
175.592,276.408161371
175.607,276.382264747
175.622,276.356297837
175.637,276.330260397
175.652,276.304152185
175.667,276.277972955
175.682,276.251722459
175.697,276.225400451
175.712,276.19900668
175.727,276.172540896
175.742,276.146002847
175.757,276.119392277
175.772,276.092708932
175.787,276.065952556
175.802,276.039122889
175.817,276.012219672
175.832,275.985242643
175.847,275.958191541
175.862,275.9310661
175.877,275.903866054
175.892,275.876591137
175.907,275.849241078
175.922,275.821815609
175.937,275.794314456
175.952,275.766737346
175.967,275.739084005
175.982,275.711354155
175.997,275.683547517
176.012,275.655663813
176.027,275.62770276
176.042,275.599664075
176.057,275.571547475
176.072,275.543352671
176.087,275.515079376
176.102,275.486727301
176.117,275.458296155
176.132,275.429785643
176.147,275.401195473
176.162,275.372525347
176.177,275.343774967
176.192,275.314944034
176.207,275.286032246
176.222,275.257039301
176.237,275.227964893
176.252,275.198808717
176.267,275.169570463
176.282,275.140249821
176.297,275.110846481
176.31,275.085296449
176.312,275.081360128
176.327,275.051790447
176.342,275.022137121
176.357,274.992399832
176.372,274.962578257
176.387,274.932672076
176.402,274.902680964
176.417,274.872604594
176.432,274.842442639
176.447,274.812194768
176.46,274.785910195
176.462,274.781860651
176.477,274.751439953
176.492,274.720932339
176.507,274.690337473
176.522,274.659655014
176.537,274.628884621
176.552,274.598025952
176.567,274.567078661
176.582,274.536042402
176.597,274.504916826
176.612,274.473701582
176.627,274.442396317
176.642,274.411000677
176.657,274.379514304
176.672,274.347936839
176.687,274.316267923
176.702,274.284507193
176.717,274.252654282
176.732,274.220708825
176.747,274.188670452
176.762,274.156538793
176.777,274.124313473
176.792,274.091994119
176.807,274.059580352
176.822,274.027071794
176.837,273.994468062
176.852,273.961768772
176.867,273.928973539
176.882,273.896081974
176.897,273.863093688
176.912,273.830008287
176.927,273.796825377
176.942,273.76354456
176.957,273.730165438
176.972,273.696687609
176.987,273.663110669
177.002,273.629434212
177.017,273.595657829
177.032,273.561781111
177.047,273.527803642
177.062,273.493725009
177.077,273.459544794
177.092,273.425262575
177.107,273.39087793
177.122,273.356390435
177.137,273.321799662
177.152,273.287105181
177.167,273.252306558
177.182,273.21740336
177.197,273.182395149
177.21,273.151969415
177.212,273.147281485
177.227,273.112061925
177.242,273.076736024
177.257,273.041303334
177.272,273.005763405
177.287,272.970115784
177.302,272.934360015
177.31,272.915245893
177.317,272.89849564
177.332,272.862522198
177.347,272.826439225
177.362,272.790246254
177.377,272.753942817
177.392,272.717528441
177.407,272.681002651
177.422,272.64436497
177.437,272.607614916
177.452,272.570752008
177.467,272.533775757
177.482,272.496685675
177.497,272.459481269
177.512,272.422162045
177.527,272.384727504
177.542,272.347177144
177.557,272.309510461
177.572,272.271726948
177.587,272.233826093
177.602,272.195807384
177.617,272.157670303
177.632,272.119414329
177.647,272.08103894
177.66,272.047683268
177.662,272.042543608
177.677,272.003927804
177.692,271.965190993
177.707,271.926332639
177.722,271.887352203
177.737,271.848249138
177.752,271.8090229
177.767,271.769672936
177.782,271.730198693
177.797,271.690599612
177.812,271.650875133
177.827,271.611024688
177.842,271.57104771
177.857,271.530943626
177.872,271.490711859
177.887,271.450351828
177.902,271.40986295
177.917,271.369244634
177.932,271.328496291
177.947,271.287617322
177.96,271.252082758
177.962,271.246607128
177.977,271.205465104
177.992,271.16419064
178.007,271.122783125
178.022,271.08124194
178.037,271.039566464
178.052,270.997756071
178.067,270.95581013
178.082,270.913728006
178.097,270.871509059
178.112,270.829152646
178.127,270.786658118
178.142,270.744024819
178.157,270.701252093
178.172,270.658339276
178.187,270.615285699
178.202,270.572090689
178.217,270.528753568
178.232,270.485273652
178.247,270.441650252
178.262,270.397882675
178.277,270.35397022
178.292,270.309912183
178.307,270.265707855
178.322,270.221356518
178.337,270.176857451
178.352,270.132209927
178.367,270.087413213
178.382,270.042466569
178.397,269.997369251
178.41,269.958162449
178.412,269.952120507
178.427,269.90671958
178.442,269.861165707
178.457,269.815458117
178.472,269.769596034
178.487,269.723578675
178.502,269.67740525
178.517,269.631074964
178.532,269.584587012
178.547,269.537940584
178.562,269.491134864
178.577,269.444169027
178.592,269.397042241
178.607,269.349753667
178.622,269.302302458
178.637,269.254687759
178.652,269.20690871
178.667,269.158964441
178.682,269.110854072
178.697,269.062576718
178.712,269.014131485
178.727,268.96551747
178.742,268.916733762
178.757,268.867779441
178.772,268.818653578
178.787,268.769355236
178.802,268.719883467
178.817,268.670237317
178.832,268.620415819
178.847,268.570417999
178.862,268.520242872
178.877,268.469889444
178.892,268.419356709
178.907,268.368643654
178.922,268.317749254
178.937,268.266672472
178.952,268.215412263
178.967,268.163967569
178.982,268.112337322
178.997,268.060520442
179.012,268.00851584
179.027,267.956322411
179.042,267.903939043
179.057,267.851364607
179.072,267.798597966
179.087,267.74563797
179.102,267.692483452
179.117,267.639133239
179.132,267.585586139
179.147,267.53184095
179.16,267.485100614
179.162,267.477896455
179.177,267.423751425
179.192,267.369404615
179.207,267.314854767
179.222,267.260100607
179.237,267.20514085
179.252,267.149974191
179.267,267.094599314
179.282,267.039014885
179.297,266.983219556
179.312,266.927211962
179.327,266.870990722
179.342,266.814554438
179.357,266.757901697
179.372,266.701031067
179.387,266.643941099
179.402,266.586630327
179.417,266.529097267
179.432,266.471340417
179.447,266.413358255
179.462,266.355149241
179.477,266.296711817
179.492,266.238044405
179.507,266.179145406
179.522,266.120013201
179.537,266.060646153
179.552,266.001042601
179.567,265.941200866
179.582,265.881119244
179.597,265.820796012
179.612,265.760229425
179.627,265.699417714
179.642,265.638359087
179.657,265.57705173
179.672,265.515493804
179.687,265.453683449
179.702,265.391618776
179.717,265.329297877
179.732,265.266718812
179.747,265.203879623
179.762,265.14077832
179.777,265.077412889
179.792,265.013781291
179.807,264.949881457
179.822,264.885711292
179.837,264.821268674
179.852,264.75655145
179.867,264.691557441
179.882,264.626284436
179.897,264.560730198
179.91,264.503687284
179.912,264.494892456
179.927,264.428768912
179.942,264.362357235
179.957,264.295655062
179.972,264.228660001
179.987,264.161369624
180.002,264.093781474
180.017,264.025893059
180.032,263.957701852
180.047,263.889205294
180.062,263.820400791
180.077,263.751285714
180.092,263.681857397
180.107,263.612113139
180.122,263.542050203
180.137,263.471665815
180.152,263.400957163
180.167,263.329921397
180.182,263.258555628
180.197,263.18685693
180.212,263.114822337
180.227,263.042448841
180.242,262.969733395
180.257,262.896672913
180.272,262.823264264
180.287,262.749504278
180.302,262.675389742
180.317,262.600917398
180.332,262.526083947
180.347,262.450886046
180.362,262.375320305
180.377,262.299383293
180.392,262.223071531
180.407,262.146381493
180.422,262.069309609
180.437,261.991852262
180.452,261.914005785
180.467,261.835766465
180.482,261.75713054
180.497,261.678094199
180.512,261.598653581
180.527,261.518804775
180.542,261.438543821
180.557,261.357866704
180.56,261.341680985
180.572,261.276769362
180.587,261.195247678
180.602,261.113297482
180.617,261.030914551
180.632,260.94809461
180.647,260.864833329
180.66,260.792313167
180.662,260.78112632
180.677,260.696969144
180.692,260.612357303
180.707,260.527286245
180.722,260.441751357
180.737,260.355747972
180.752,260.269271364
180.767,260.182316747
180.782,260.094879276
180.797,260.006954047
180.812,259.918536094
180.827,259.829620391
180.842,259.740201851
180.857,259.650275322
180.872,259.55983559
180.887,259.46887738
180.902,259.377395349
180.917,259.28538409
180.932,259.192838132
180.947,259.099751937
180.962,259.006119899
180.977,258.911936345
180.992,258.817195534
181.007,258.721891655
181.022,258.626018827
181.037,258.5295711
181.052,258.432542451
181.067,258.334926785
181.082,258.236717934
181.097,258.137909656
181.112,258.038495635
181.127,257.938469478
181.142,257.837824717
181.157,257.736554805
181.172,257.634653117
181.187,257.53211295
181.202,257.42892752
181.217,257.32508996
181.232,257.220593323
181.247,257.115430578
181.262,257.009594609
181.277,256.903078215
181.292,256.795874108
181.307,256.687974914
181.31,256.666311009
181.322,256.579373168
181.337,256.470061317
181.352,256.360031716
181.367,256.249276629
181.382,256.137788226
181.397,256.025558582
181.412,255.912579679
181.427,255.798843399
181.442,255.684341528
181.457,255.569065755
181.472,255.453007665
181.487,255.336158746
181.502,255.218510382
181.517,255.100053855
181.532,254.98078034
181.547,254.860680911
181.562,254.739746535
181.577,254.617968071
181.592,254.495336272
181.607,254.371841782
181.622,254.247475138
181.637,254.122226765
181.652,253.996086982
181.667,253.869045995
181.682,253.741093901
181.697,253.612220687
181.712,253.48241623
181.727,253.351670296
181.742,253.219972543
181.757,253.087312517
181.772,252.953679657
181.787,252.819063295
181.802,252.683452654
181.817,252.546836853
181.832,252.409204903
181.847,252.270545716
181.862,252.1308481
181.877,251.990100763
181.892,251.848292314
181.907,251.705411268
181.922,251.561446045
181.937,251.416384972
181.952,251.27021629
181.967,251.122928148
181.982,250.974508616
181.997,250.824945676
182.012,250.674227235
182.027,250.522341118
182.042,250.369275077
182.057,250.21501679
182.06,250.184020973
182.072,250.059553859
182.087,249.902873819
182.102,249.744964129
182.117,249.58581218
182.132,249.425405286
182.147,249.26373069
182.162,249.100775554
182.177,248.936526956
182.192,248.770971885
182.207,248.604097234
182.222,248.435889783
182.237,248.266336192
182.252,248.095422983
182.267,247.923136521
182.282,247.749462987
182.297,247.574388356
182.312,247.39789836
182.327,247.219978451
182.342,247.040613755
182.357,246.859789022
182.372,246.677488562
182.387,246.493696177
182.402,246.308395079
182.417,246.1215678
182.432,245.93319608
182.447,245.743260749
182.462,245.551741588
182.477,245.358617165
182.492,245.163864657
182.507,244.967459641
182.522,244.769375856
182.537,244.569584935
182.552,244.368056098
182.567,244.1647558
182.582,243.959647337
182.597,243.752690386
182.612,243.543840492
182.627,243.333048479
182.642,243.120259774
182.657,242.905413641
182.672,242.688442308
182.687,242.469269958
182.702,242.247811589
182.717,242.023971701
182.732,241.797642789
182.747,241.568703625
182.762,241.337017273
182.777,241.102428819
182.792,240.864762758
182.807,240.62381998
182.822,240.37937431
182.837,240.131168514
182.852,239.878909697
182.867,239.622263992
182.882,239.360850448
182.897,239.094233968
182.912,238.82191719
182.927,238.543331138
182.942,238.257824494
182.957,237.96465133
182.972,237.662957127
182.987,237.351762957
183.002,237.029947771
183.017,236.696228819
183.032,236.349140488
183.047,235.987012196
183.062,235.607946615
183.077,235.209800579
183.092,234.790172795
183.107,234.346405423
183.122,233.875611469
183.137,233.374747921
183.152,232.840767679
183.167,232.270904507
183.182,231.663178786
183.197,231.017263416
183.212,230.335923516
183.227,229.627337167
183.242,228.908672886
183.257,228.211129584
183.367,228.367992988
183.382,229.069774779
183.397,229.783104312
183.412,230.480980129
183.427,231.148979625
183.442,231.780596086
183.457,232.374027722
183.472,232.930122349
183.487,233.451112791
183.502,233.939861598
183.517,234.399423354
183.532,234.832800813
183.547,235.242817349
183.562,235.632057986
183.577,236.002850024
183.592,236.357265789
183.607,236.697137074
183.622,237.024075109
183.637,237.339492491
183.652,237.644625048
183.667,237.940552562
183.682,238.228217816
183.697,238.508443766
183.712,238.781948827
183.727,239.04936036
183.742,239.311226497
183.757,239.568026468
183.772,239.820179597
183.787,240.068053114
183.802,240.31196894
183.817,240.552209571
183.832,240.789023178
183.847,241.02262804
183.862,241.253216374
183.877,241.480957675
183.892,241.706001604
183.907,241.928480505
183.922,242.148511595
183.937,242.366198863
183.952,242.581634734
183.967,242.794901512
183.982,243.006072647
183.997,243.215213834
184.012,243.422383981
184.027,243.627636054
184.042,243.83101781
184.057,244.032572453
184.072,244.232339199
184.087,244.43035377
184.102,244.626648839
184.117,244.821254409
184.132,245.014198153
184.147,245.205505706
184.162,245.395200931
184.177,245.583306144
184.192,245.769842313
184.207,245.954829238
184.222,246.138285701
184.237,246.320229604
184.252,246.500678084
184.267,246.679647618
184.282,246.857154116
184.297,247.03321299
184.312,247.207839233
184.327,247.38104747
184.342,247.552852012
184.357,247.723266897
184.372,247.892305933
184.387,248.059982724
184.402,248.226310698
184.417,248.391303134
184.432,248.554973175
184.447,248.71733385
184.462,248.878398079
184.477,249.038178693
184.492,249.196688433
184.507,249.353939962
184.522,249.509945867
184.537,249.664718666
184.552,249.818270805
184.56,249.899670441
184.567,249.970614661
184.582,250.121762546
184.597,250.2717267
184.612,250.420519296
184.627,250.568152436
184.642,250.714638148
184.657,250.859988386
184.672,251.004215028
184.687,251.147329872
184.702,251.289344634
184.717,251.430270947
184.732,251.570120356
184.747,251.708904319
184.762,251.8466342
184.777,251.983321271
184.792,252.11897671
184.807,252.253611593
184.822,252.387236901
184.837,252.519863511
184.852,252.651502197
184.867,252.782163632
184.882,252.911858379
184.897,253.040596899
184.912,253.168389542
184.927,253.295246552
184.942,253.421178064
184.957,253.546194104
184.972,253.670304588
184.987,253.793519323
185.002,253.915848006
185.017,254.037300224
185.032,254.157885457
185.047,254.277613072
185.062,254.396492331
185.077,254.514532386
185.092,254.631742282
185.107,254.748130958
185.122,254.863707245
185.137,254.978479871
185.152,255.092457458
185.167,255.205648525
185.182,255.318061487
185.197,255.429704661
185.212,255.540586259
185.227,255.650714398
185.242,255.760097093
185.257,255.868742263
185.272,255.976657733
185.287,256.083851229
185.302,256.190330387
185.31,256.246829794
185.317,256.296102748
185.332,256.401175761
185.347,256.505556788
185.362,256.609253097
185.377,256.712271873
185.392,256.814620209
185.407,256.916305117
185.422,257.01733352
185.437,257.11771226
185.452,257.217448097
185.467,257.316547707
185.482,257.415017688
185.497,257.512864556
185.512,257.610094752
185.527,257.706714638
185.542,257.802730499
185.557,257.898148546
185.572,257.992974914
185.587,258.087215666
185.602,258.180876792
185.617,258.273964209
185.632,258.366483767
185.647,258.458441241
185.662,258.549842341
185.677,258.640692706
185.692,258.730997908
185.707,258.820763455
185.722,258.909994786
185.737,258.998697277
185.752,259.086876236
185.767,259.174536912
185.782,259.261684489
185.797,259.348324087
185.812,259.434460768
185.827,259.520099531
185.842,259.605245314
185.857,259.689902997
185.872,259.774077402
185.887,259.857773289
185.902,259.940995365
185.917,260.023748277
185.932,260.106036616
185.947,260.187864918
185.96,260.258414125
185.962,260.269237663
185.977,260.350159277
185.992,260.430634132
186.007,260.510666545
186.022,260.590260782
186.037,260.669421055
186.052,260.748151527
186.06,260.789966792
186.067,260.826456306
186.082,260.904339452
186.097,260.981804974
186.112,261.05885683
186.127,261.135498932
186.142,261.21173514
186.157,261.287569269
186.172,261.363005083
186.187,261.438046302
186.202,261.512696599
186.217,261.586959599
186.232,261.660838884
186.247,261.734337989
186.262,261.807460406
186.277,261.880209581
186.292,261.952588919
186.307,262.02460178
186.322,262.096251483
186.337,262.167541303
186.352,262.238474475
186.367,262.309054193
186.382,262.379283608
186.397,262.449165834
186.412,262.518703944
186.427,262.587900971
186.442,262.656759911
186.457,262.725283719
186.472,262.793475316
186.487,262.861337581
186.502,262.928873361
186.517,262.996085464
186.532,263.06297666
186.547,263.129549688
186.562,263.195807248
186.577,263.261752008
186.592,263.3273866
186.607,263.392713624
186.622,263.457735644
186.637,263.522455194
186.652,263.586874773
186.667,263.65099685
186.682,263.714823862
186.697,263.778358213
186.71,263.833186424
186.712,263.841602279
186.727,263.904558402
186.742,263.967228899
186.757,264.029616053
186.772,264.09172212
186.787,264.153549326
186.802,264.21509987
186.817,264.276375923
186.832,264.337379626
186.847,264.398113097
186.862,264.458578423
186.877,264.518777667
186.892,264.578712866
186.907,264.638386029
186.922,264.697799144
186.937,264.756954169
186.952,264.815853042
186.967,264.874497672
186.982,264.932889949
186.997,264.991031736
187.012,265.048924875
187.027,265.106571183
187.042,265.163972457
187.057,265.221130469
187.072,265.278046972
187.087,265.334723695
187.102,265.391162348
187.117,265.447364619
187.132,265.503332174
187.147,265.559066662
187.162,265.61456971
187.177,265.669842924
187.192,265.724887895
187.207,265.77970619
187.222,265.834299361
187.237,265.888668939
187.252,265.942816438
187.267,265.996743354
187.282,266.050451166
187.297,266.103941334
187.312,266.157215302
187.327,266.210274498
187.342,266.26312033
187.357,266.315754195
187.372,266.368177468
187.387,266.420391514
187.402,266.472397678
187.417,266.524197292
187.432,266.575791672
187.447,266.627182119
187.46,266.671556542
187.462,266.67836992
187.477,266.729356347
187.492,266.780142659
187.507,266.8307301
187.522,266.8811199
187.537,266.931313277
187.552,266.981311433
187.567,267.031115559
187.582,267.080726834
187.597,267.130146422
187.612,267.179375475
187.627,267.228415134
187.642,267.277266527
187.657,267.32593077
187.672,267.374408967
187.687,267.422702211
187.702,267.470811584
187.717,267.518738156
187.732,267.566482986
187.747,267.614047122
187.762,267.661431602
187.777,267.708637454
187.792,267.755665695
187.807,267.80251733
187.822,267.849193356
187.837,267.895694761
187.852,267.94202252
187.867,267.988177602
187.882,268.034160965
187.897,268.079973556
187.912,268.125616315
187.927,268.171090174
187.942,268.216396053
187.957,268.261534865
187.972,268.306507514
187.987,268.351314896
188.002,268.395957899
188.017,268.440437402
188.032,268.484754275
188.047,268.528909381
188.062,268.572903576
188.077,268.616737708
188.092,268.660412615
188.107,268.70392913
188.122,268.747288078
188.137,268.790490276
188.152,268.833536535
188.167,268.876427657
188.182,268.91916444
188.197,268.961747671
188.21,268.998529538
188.212,269.004178134
188.227,269.046456605
188.242,269.088583852
188.257,269.130560639
188.272,269.172387722
188.287,269.214065849
188.302,269.255595766
188.317,269.29697821
188.332,269.338213912
188.347,269.379303597
188.362,269.420247986
188.377,269.461047792
188.392,269.501703723
188.407,269.542216481
188.422,269.582586764
188.437,269.622815262
188.452,269.662902661
188.467,269.702849643
188.482,269.742656881
188.497,269.782325047
188.512,269.821854804
188.527,269.861246812
188.542,269.900501727
188.557,269.939620199
188.572,269.978602871
188.587,270.017450384
188.602,270.056163373
188.617,270.09474247
188.632,270.133188299
188.647,270.171501482
188.66,270.204599422
188.662,270.209682637
188.677,270.247732375
188.692,270.285651304
188.707,270.323440028
188.722,270.361099146
188.737,270.398629254
188.752,270.436030942
188.767,270.473304797
188.782,270.510451401
188.797,270.547471332
188.812,270.584365167
188.827,270.621133474
188.842,270.65777682
188.857,270.694295769
188.872,270.730690879
188.887,270.766962705
188.902,270.8031118
188.917,270.83913871
188.932,270.875043979
188.947,270.910828148
188.96,270.941743554
188.962,270.946491755
188.977,270.982035332
188.992,271.017459409
189.007,271.052764512
189.022,271.087951166
189.037,271.123019888
189.052,271.157971196
189.067,271.192805603
189.082,271.227523617
189.097,271.262125746
189.112,271.296612494
189.127,271.330984358
189.142,271.365241838
189.157,271.399385427
189.172,271.433415614
189.187,271.467332889
189.202,271.501137736
189.217,271.534830636
189.232,271.568412069
189.247,271.601882509
189.262,271.635242431
189.277,271.668492303
189.292,271.701632594
189.307,271.734663767
189.31,271.741256948
189.322,271.767586284
189.337,271.800400605
189.352,271.833107185
189.367,271.865706477
189.382,271.898198933
189.397,271.930585
189.41,271.958567212
189.412,271.962865123
189.427,271.995039747
189.442,272.02710931
189.457,272.05907425
189.472,272.090935003
189.487,272.122692002
189.502,272.154345675
189.517,272.185896452
189.532,272.217344756
189.547,272.248691012
189.562,272.279935638
189.577,272.311079053
189.592,272.342121673
189.607,272.373063911
189.622,272.403906178
189.637,272.434648881
189.652,272.465292429
189.667,272.495837223
189.682,272.526283667
189.697,272.55663216
189.712,272.586883099
189.727,272.617036879
189.742,272.647093893
189.757,272.677054532
189.772,272.706919184
189.787,272.736688236
189.802,272.766362072
189.817,272.795941075
189.832,272.825425624
189.847,272.854816098
189.862,272.884112872
189.877,272.913316322
189.892,272.942426818
189.907,272.97144473
189.922,273.000370427
189.937,273.029204275
189.952,273.057946638
189.967,273.086597877
189.982,273.115158354
189.997,273.143628425
190.012,273.172008449
190.027,273.200298778
190.042,273.228499766
190.057,273.256611763
190.072,273.284635119
190.087,273.31257018
190.102,273.340417291
190.117,273.368176796
190.132,273.395849037
190.147,273.423434353
190.16,273.447271576
190.162,273.450933083
190.177,273.478345562
190.192,273.505672125
190.207,273.532913105
190.222,273.560068833
190.237,273.587139639
190.252,273.614125849
190.267,273.641027791
190.282,273.667845787
190.297,273.694580162
190.31,273.71768256
190.312,273.721231235
190.327,273.747799327
190.342,273.774284754
190.357,273.800687833
190.372,273.827008879
190.387,273.853248203
190.402,273.879406118
190.417,273.905482932
190.432,273.931478955
190.447,273.957394493
190.462,273.98322985
190.477,274.008985329
190.492,274.034661234
190.507,274.060257864
190.522,274.085775518
190.537,274.111214494
190.552,274.136575086
190.567,274.161857591
190.582,274.1870623
190.597,274.212189504
190.612,274.237239495
190.627,274.26221256
190.642,274.287108987
190.657,274.311929061
190.672,274.336673066
190.687,274.361341286
190.702,274.385934001
190.717,274.410451492
190.732,274.434894038
190.747,274.459261915
190.762,274.483555399
190.777,274.507774766
190.792,274.531920287
190.807,274.555992236
190.822,274.579990882
190.837,274.603916494
190.852,274.627769341
190.867,274.65154969
190.882,274.675257804
190.897,274.698893949
190.912,274.722458386
190.927,274.745951378
190.942,274.769373184
190.957,274.792724062
190.972,274.816004272
190.987,274.839214068
191.002,274.862353707
191.017,274.885423441
191.032,274.908423524
191.047,274.931354206
191.062,274.954215738
191.077,274.97700837
191.092,274.999732347
191.107,275.022387919
191.122,275.044975328
191.137,275.067494821
191.152,275.089946639
191.167,275.112331025
191.182,275.134648219
191.197,275.156898461
191.212,275.17908199
191.227,275.201199042
191.242,275.223249853
191.257,275.24523466
191.272,275.267153695
191.287,275.289007191
191.302,275.31079538
191.31,275.322389124
